0	-5.263
1	-4.108
2	-3.172
3	-2.589
4	-2.111
5	-1.788
6	-1.84
7	-1.958
8	-2.579
9	-3.233
10	-4.019
11	-5.062
12	-5.957
13	-6.42
14	-6.798
15	-7.01
16	-7.295
17	-7.727
18	-7.963
19	-8.088
20	-8.137
21	-8.114
22	-7.841
23	-7.723
24	-7.588
25	-7.535
26	-7.459
27	-7.217
28	-7.19
29	-7.186
30	-7.398
31	-7.664
32	-7.786
33	-7.66
34	-7.496
35	-7.021
36	-6.656
37	-6.258
38	-6.074
39	-6.35
40	-6.79
41	-7.099
42	-7.352
43	-7.614
44	-7.591
45	-7.287
46	-7.259
47	-7.413
48	-7.482
49	-7.165
50	-6.977
51	-6.959
52	-7.295
53	-7.762
54	-8.031
55	-8.115
56	-7.939
57	-7.5
58	-7.134
59	-7.001
60	-6.798
61	-6.593
62	-6.26
63	-5.745
64	-4.849
65	-4.143
66	-3.404
67	-2.852
68	-2.407
69	-1.632
70	-0.846
71	-0.301
72	-0.044
73	-0.587
74	-1.527
75	-2.455
76	-3.181
77	-3.912
78	-4.72
79	-5.47
80	-6.091
81	-6.301
82	-6.248
83	-5.865
84	-5.746
85	-6.216
86	-6.787
87	-7.112
88	-7.088
89	-6.626
90	-6.048
91	-5.743
92	-5.529
93	-5.263
94	-4.703
95	-3.594
96	-2.632
97	-2.197
98	-1.768
99	-1.232
100	-0.863
101	-0.769
102	-0.827
103	-0.632
104	-0.368
105	-0.283
106	-0.017
107	0.318
108	0.764
109	1.103
110	1.465
111	1.675
112	1.077
113	0.242
114	-0.335
115	-0.477
116	-0.567
117	-0.421
118	0.08
119	0.426
120	0.672
121	0.7
122	0.669
123	0.68
124	0.438
125	-0.078
126	-0.541
127	-0.643
128	-0.563
129	-0.305
130	0.292
131	1.073
132	1.504
133	1.954
134	2.73
135	3.253
136	3.505
137	3.466
138	3.087
139	2.558
140	1.91
141	1.64
142	1.448
143	0.981
144	0.454
145	0.261
146	0.397
147	0.602
148	0.68
149	0.593
150	0.537
151	0.565
152	1.075
153	1.583
154	1.958
155	2.254
156	2.867
157	3.529
158	3.775
159	3.868
160	4.13
161	4.52
162	4.605
163	4.461
164	4.04
165	3.397
166	2.987
167	2.948
168	2.9
169	2.712
170	2.54
171	2.22
172	1.921
173	2.019
174	2.226
175	2.119
176	1.681
177	1.308
178	1.509
179	1.927
180	2.552
181	2.773
182	2.987
183	3.393
184	3.746
185	3.772
186	3.912
187	3.907
188	3.318
189	2.904
190	2.996
191	3.51
192	3.676
193	3.915
194	4.278
195	4.28
196	4.103
197	4.082
198	4.06
199	4.311
200	4.348
201	4.256
202	4.186
203	4.256
204	4.178
205	4.053
206	4.121
207	4.125
208	4.125
209	4.317
210	4.805
211	5.285
212	5.883
213	5.979
214	6.079
215	6.38
216	6.735
217	6.807
218	7.223
219	7.239
220	6.623
221	5.905
222	5.187
223	4.494
224	3.81
225	3.225
226	2.938
227	2.909
228	3.441
229	4.535
230	5.551
231	5.979
232	6.175
233	6.319
234	6.349
235	6.726
236	7.173
237	7.801
238	8.317
239	8.543
240	9.323
241	10.477
242	11.421
243	11.458
244	10.937
245	10.005
246	8.599
247	7.258
248	6.524
249	6.034
250	5.791
251	5.669
252	5.542
253	5.503
254	5.46
255	5.322
256	5.066
257	4.485
258	3.938
259	3.68
260	3.659
261	3.824
262	3.844
263	3.685
264	3.384
265	3.284
266	2.97
267	2.326
268	1.951
269	1.933
270	2.268
271	2.933
272	3.565
273	3.683
274	3.847
275	3.975
276	3.99
277	4.58
278	5.29
279	5.791
280	5.96
281	5.904
282	6.045
283	6.362
284	6.729
285	7.291
286	7.714
287	7.847
288	7.884
289	7.47
290	7.012
291	6.882
292	6.733
293	6.585
294	6.463
295	6.633
296	6.868
297	7.481
298	8.111
299	8.594
300	8.609
301	8.238
302	8.149
303	8.202
304	7.954
305	7.694
306	7.348
307	7.573
308	7.884
309	8.124
310	8.124
311	7.644
312	7.086
313	6.697
314	6.521
315	6.332
316	5.948
317	5.643
318	5.27
319	4.892
320	4.341
321	4.21
322	4.415
323	4.851
324	5.026
325	4.611
326	4.121
327	3.894
328	3.545
329	3.354
330	3.484
331	3.807
332	4.194
333	4.832
334	5.069
335	4.832
336	4.702
337	4.563
338	4.16
339	3.775
340	3.593
341	3.623
342	3.628
343	3.755
344	4.168
345	4.68
346	5.385
347	5.88
348	6.129
349	6.36
350	6.602
351	7.097
352	7.313
353	7.293
354	7.309
355	7.455
356	7.67
357	7.461
358	6.851
359	5.992
360	5.176
361	4.403
362	3.88
363	3.092
364	2.42
365	2.059
366	1.886
367	1.851
368	2.132
369	2.455
370	2.629
371	2.595
372	2.74
373	2.715
374	2.407
375	2.263
376	2.043
377	2.09
378	2.333
379	2.752
380	3.334
381	3.748
382	4.069
383	4.202
384	4.172
385	4.014
386	3.997
387	4.021
388	4.317
389	4.473
390	4.696
391	5.297
392	6.07
393	6.253
394	6.166
395	6.327
396	6.705
397	6.832
398	6.868
399	6.676
400	6.399
401	6.118
402	6.119
403	6.083
404	6.131
405	6.192
406	6.61
407	7.348
408	7.518
409	7.411
410	7.197
411	7.017
412	6.864
413	6.925
414	7.138
415	7.354
416	7.33
417	7.167
418	6.975
419	6.99
420	6.803
421	6.706
422	6.929
423	7.44
424	7.967
425	8.388
426	8.824
427	9.384
428	9.692
429	9.565
430	9.469
431	9.541
432	9.585
433	9.284
434	9.127
435	9.075
436	9.09
437	9.175
438	9.323
439	9.485
440	9.711
441	10.055
442	10.296
443	10.291
444	10.284
445	10.304
446	9.781
447	8.686
448	7.551
449	6.667
450	6.088
451	5.416
452	4.816
453	4.417
454	3.889
455	3.423
456	2.917
457	2.662
458	2.514
459	2.786
460	3.07
461	3.508
462	4.051
463	4.694
464	5.29
465	5.933
466	6.554
467	6.92
468	7.287
469	7.784
470	8.141
471	8.115
472	7.849
473	7.941
474	7.878
475	7.583
476	7.197
477	6.842
478	6.454
479	6.282
480	6.48
481	6.811
482	7.016
483	7.258
484	7.579
485	7.749
486	8.12
487	8.573
488	8.625
489	8.141
490	7.239
491	6.227
492	5.491
493	4.858
494	4.546
495	3.914
496	3.386
497	3.389
498	3.41
499	3.438
500	3.973
501	4.418
502	4.629
503	4.731
504	4.74
505	4.867
506	5.093
507	4.976
508	4.598
509	4.226
510	4.038
511	4.18
512	4.387
513	4.657
514	5.041
515	5.497
516	5.765
517	6.159
518	6.493
519	6.67
520	6.706
521	6.56
522	6.484
523	6.624
524	6.833
525	7.086
526	7.505
527	7.843
528	7.749
529	7.435
530	7.431
531	7.59
532	7.705
533	7.827
534	7.896
535	7.445
536	6.851
537	6.295
538	5.784
539	5.176
540	4.44
541	3.942
542	3.667
543	3.399
544	3.689
545	3.986
546	4.029
547	3.949
548	3.625
549	3.489
550	3.295
551	3.216
552	2.893
553	2.659
554	2.525
555	2.42
556	2.425
557	2.416
558	2.32
559	2.512
560	3.314
561	4.496
562	5.884
563	6.964
564	7.47
565	7.619
566	7.775
567	7.932
568	8.002
569	8.08
570	8.194
571	8.272
572	8.575
573	8.948
574	9.578
575	10.171
576	10.579
577	10.737
578	10.919
579	11.171
580	11.53
581	11.425
582	11.347
583	10.989
584	10.297
585	9.825
586	9.539
587	9.698
588	9.982
589	10.23
590	10.445
591	10.652
592	10.858
593	10.928
594	10.535
595	9.962
596	9.62
597	8.901
598	8.133
599	7.274
600	6.406
601	5.682
602	5.329
603	5.087
604	4.679
605	4.313
606	4.226
607	3.903
608	3.896
609	4.073
610	4.093
611	4.101
612	3.872
613	3.388
614	2.564
615	2.167
616	2.342
617	3.009
618	3.646
619	3.986
620	4.304
621	4.52
622	5.115
623	5.273
624	5.085
625	5.202
626	5.438
627	5.534
628	5.529
629	5.612
630	5.693
631	6.117
632	6.427
633	6.785
634	7.349
635	7.902
636	8.333
637	8.519
638	8.438
639	7.886
640	7.426
641	6.907
642	6.336
643	5.9
644	5.704
645	5.516
646	5.4
647	5.683
648	5.961
649	6.008
650	5.922
651	5.739
652	5.433
653	5.181
654	5.211
655	5.152
656	5.057
657	4.829
658	4.28
659	3.843
660	3.619
661	3.447
662	3.34
663	3.096
664	3.252
665	3.508
666	3.58
667	3.601
668	3.602
669	3.884
670	3.929
671	3.563
672	3.12
673	2.824
674	2.643
675	2.757
676	3.005
677	3.058
678	2.852
679	2.647
680	2.608
681	2.622
682	2.848
683	2.979
684	3.061
685	3.606
686	3.84
687	3.663
688	3.478
689	3.342
690	3.467
691	3.502
692	3.423
693	3.449
694	3.33
695	3.362
696	3.399
697	3.445
698	3.65
699	4.086
700	4.366
701	4.535
702	4.744
703	5.019
704	5.656
705	6.576
706	7.012
707	7.25
708	7.479
709	7.596
710	7.319
711	6.62
712	5.944
713	5.315
714	5.054
715	4.936
716	4.681
717	4.553
718	4.43
719	4.439
720	4.566
721	4.601
722	3.999
723	3.357
724	2.874
725	2.634
726	2.773
727	3.236
728	3.803
729	4.385
730	4.834
731	4.679
732	3.915
733	2.747
734	1.744
735	0.993
736	0.637
737	0.379
738	0.467
739	0.82
740	1.003
741	1.149
742	1.247
743	1.302
744	1.461
745	1.836
746	2.093
747	2.023
748	2.036
749	1.994
750	2.161
751	2.536
752	3.144
753	3.489
754	3.733
755	4.012
756	4.204
757	4.348
758	4.773
759	5.364
760	5.8
761	6.188
762	6.275
763	6.205
764	6.105
765	6.258
766	6.872
767	7.276
768	7.354
769	7.191
770	6.808
771	6.561
772	6.541
773	6.803
774	7.117
775	7.435
776	7.402
777	7.377
778	7.88
779	8.462
780	8.453
781	8.176
782	7.819
783	7.548
784	7.444
785	7.548
786	7.771
787	7.692
788	7.309
789	6.983
790	6.929
791	7.06
792	7.025
793	7.156
794	6.822
795	6.648
796	6.105
797	5.695
798	5.273
799	4.751
800	4.016
801	3.584
802	3.018
803	2.344
804	1.893
805	1.5
806	0.905
807	0.528
808	0.53
809	0.829
810	1.284
811	1.755
812	2.108
813	2.357
814	2.61
815	2.638
816	2.501
817	2.507
818	2.438
819	2.39
820	2.08
821	1.851
822	2.1
823	2.525
824	2.795
825	3.151
826	3.34
827	3.289
828	3.079
829	2.734
830	2.244
831	1.47
832	1.169
833	0.987
834	0.7
835	0.39
836	0.178
837	0.078
838	-0.51
839	-1.254
840	-1.839
841	-1.996
842	-1.812
843	-1.472
844	-1.095
845	-1.073
846	-1.228
847	-1.193
848	-1.164
849	-1.353
850	-1.276
851	-1.02
852	-0.602
853	-0.314
854	0.231
855	0.899
856	1.273
857	1.395
858	1.291
859	1.478
860	1.754
861	2.342
862	2.917
863	3.209
864	3.275
865	3.58
866	3.545
867	3.389
868	2.957
869	2.695
870	2.813
871	3.184
872	3.428
873	3.593
874	3.755
875	3.419
876	3.057
877	3.035
878	3.142
879	3.148
880	3.024
881	3.044
882	2.845
883	2.564
884	2.632
885	2.878
886	3.011
887	2.919
888	2.688
889	2.25
890	1.655
891	0.903
892	0.481
893	0.418
894	0.225
895	-0.209
896	-0.471
897	-0.475
898	-0.301
899	-0.035
900	0.085
901	0.286
902	0.395
903	0.397
904	0.336
905	0.048
906	-0.257
907	-0.331
908	-0.519
909	-1.086
910	-1.657
911	-1.576
912	-1.073
913	-0.469
914	-0.164
915	-0.16
916	-0.205
917	-0.178
918	-0.07
919	-0.078
920	-0.317
921	-0.528
922	-0.779
923	-1.01
924	-1.265
925	-0.907
926	-0.445
927	0.096
928	0.733
929	1.291
930	2.004
931	2.191
932	1.958
933	1.81
934	1.906
935	2.118
936	2.03
937	1.43
938	0.673
939	-0.015
940	-0.641
941	-0.981
942	-0.826
943	-0.287
944	0.434
945	0.902
946	1.162
947	1.219
948	1.095
949	0.641
950	-0.451
951	-1.528
952	-1.897
953	-1.8
954	-1.623
955	-1.651
956	-1.799
957	-2.076
958	-2.368
959	-2.366
960	-2.281
961	-1.792
962	-0.886
963	-0.174
964	0.207
965	0.488
966	0.728
967	1.053
968	1.097
969	1.077
970	1.014
971	0.833
972	0.532
973	0.351
974	0.231
975	0.126
976	0.089
977	0.052
978	0.052
979	0.231
980	0.131
981	0.007
982	0.022
983	-0.07
984	-0.107
985	-0.283
986	-0.554
987	-0.469
988	-0.249
989	0.04
990	0.529
991	0.994
992	1.225
993	1.334
994	1.378
995	1.542
996	1.701
997	1.725
998	1.581
999	1.378
1000	1.413
1001	1.309
1002	0.994
1003	0.488
1004	0.279
1005	0.203
1006	0.423
1007	0.972
1008	1.509
1009	1.583
1010	1.391
1011	1.836
1012	2.163
1013	2.512
1014	2.619
1015	2.639
1016	3.154
1017	3.82
1018	3.912
1019	3.482
1020	3.007
1021	2.76
1022	2.848
1023	3.144
1024	3.244
1025	3.357
1026	3.336
1027	3.266
1028	3.14
1029	3.062
1030	3.196
1031	3.497
1032	3.414
1033	3.074
1034	2.597
1035	2.372
1036	2.176
1037	2.167
1038	2.263
1039	2.093
1040	1.81
1041	1.871
1042	2.275
1043	2.761
1044	3.332
1045	3.445
1046	3.639
1047	3.96
1048	4.252
1049	4.594
1050	4.683
1051	5.102
1052	5.747
1053	6.092
1054	5.836
1055	5.119
1056	4.472
1057	3.942
1058	3.615
1059	3.287
1060	3.231
1061	3.389
1062	2.974
1063	2.259
1064	1.745
1065	1.531
1066	1.511
1067	1.805
1068	2.263
1069	2.662
1070	2.49
1071	2.31
1072	2.725
1073	3.275
1074	3.504
1075	3.537
1076	3.85
1077	4.26
1078	4.827
1079	5.263
1080	5.492
1081	5.516
1082	5.625
1083	5.726
1084	5.782
1085	5.961
1086	5.896
1087	5.817
1088	5.713
1089	5.686
1090	5.34
1091	4.892
1092	4.507
1093	4.022
1094	3.72
1095	3.515
1096	3.284
1097	3.328
1098	3.496
1099	3.763
1100	3.99
1101	4.086
1102	4.034
1103	3.955
1104	3.728
1105	3.595
1106	3.428
1107	2.97
1108	2.556
1109	2.525
1110	2.852
1111	3.102
1112	3.311
1113	3.586
1114	3.768
1115	3.96
1116	4.398
1117	4.659
1118	4.683
1119	4.675
1120	4.836
1121	5.124
1122	4.901
1123	4.631
1124	4.509
1125	4.572
1126	4.731
1127	4.751
1128	5.102
1129	5.256
1130	4.936
1131	4.691
1132	4.653
1133	4.571
1134	4.461
1135	4.069
1136	3.672
1137	3.286
1138	2.818
1139	2.124
1140	1.387
1141	1.007
1142	0.641
1143	-0.207
1144	-1.334
1145	-2.067
1146	-2.416
1147	-2.475
1148	-2.305
1149	-2.088
1150	-2.115
1151	-2.193
1152	-2.433
1153	-2.381
1154	-2.034
1155	-1.508
1156	-0.678
1157	-0.118
1158	0.222
1159	0.319
1160	0.303
1161	0.137
1162	0.096
1163	0.039
1164	-0.17
1165	-0.344
1166	-0.687
1167	-1.217
1168	-1.744
1169	-1.972
1170	-2.157
1171	-1.831
1172	-1.446
1173	-1.164
1174	-0.999
1175	-0.488
1176	0.185
1177	0.685
1178	0.951
1179	0.962
1180	0.721
1181	0.65
1182	0.488
1183	0.053
1184	-0.081
1185	-0.082
1186	-0.024
1187	0.124
1188	0.004
1189	-0.326
1190	-0.615
1191	-0.704
1192	-0.813
1193	-1.007
1194	-0.842
1195	-0.146
1196	0.351
1197	0.784
1198	0.796
1199	0.857
1200	0.427
1201	-0.17
1202	-0.632
1203	-0.82
1204	-0.88
1205	-0.597
1206	-0.035
1207	0.545
1208	1.095
1209	1.702
1210	2.276
1211	2.83
1212	3.115
1213	3.336
1214	4.016
1215	4.814
1216	5.346
1217	5.501
1218	5.494
1219	5.316
1220	5.128
1221	4.892
1222	4.871
1223	4.888
1224	4.952
1225	5.228
1226	5.368
1227	5.481
1228	5.473
1229	5.303
1230	4.98
1231	4.699
1232	4.607
1233	4.747
1234	4.827
1235	4.579
1236	4.404
1237	4.396
1238	4.073
1239	3.456
1240	2.935
1241	2.405
1242	1.744
1243	1.278
1244	1.025
1245	0.903
1246	0.827
1247	0.829
1248	0.475
1249	0.323
1250	0.048
1251	-0.172
1252	-0.118
1253	0.076
1254	-0.161
1255	-0.65
1256	-1.088
1257	-1.603
1258	-2.403
1259	-3.099
1260	-3.714
1261	-4.458
1262	-5.004
1263	-5.24
1264	-5.137
1265	-4.827
1266	-4.517
1267	-4.164
1268	-3.614
1269	-3.242
1270	-2.981
1271	-2.9
1272	-2.915
1273	-2.983
1274	-2.786
1275	-2.568
1276	-2.369
1277	-1.672
1278	-0.839
1279	-0.628
1280	-1.02
1281	-1.568
1282	-2.084
1283	-2.154
1284	-2.189
1285	-2.137
1286	-1.806
1287	-1.367
1288	-1.19
1289	-1.11
1290	-1.158
1291	-1.081
1292	-1.078
1293	-1.269
1294	-1.269
1295	-1.114
1296	-0.705
1297	-0.303
1298	-0.122
1299	-0.063
1300	0.299
1301	0.708
1302	1.212
1303	1.365
1304	1.339
1305	1.558
1306	1.565
1307	1.589
1308	1.631
1309	2.064
1310	2.294
1311	2.211
1312	2.468
1313	2.76
1314	2.761
1315	2.603
1316	2.189
1317	2.1
1318	2.259
1319	2.028
1320	1.04
1321	0.002
1322	-0.457
1323	-0.601
1324	-0.855
1325	-1.067
1326	-1.128
1327	-0.898
1328	-0.597
1329	-0.425
1330	-0.281
1331	0.1
1332	0.486
1333	0.807
1334	0.881
1335	1.217
1336	1.542
1337	1.282
1338	0.566
1339	-0.497
1340	-1.409
1341	-2.193
1342	-2.756
1343	-3.144
1344	-3.037
1345	-2.839
1346	-2.337
1347	-2.104
1348	-2.404
1349	-2.52
1350	-2.587
1351	-2.667
1352	-2.898
1353	-3.455
1354	-3.674
1355	-3.553
1356	-3.466
1357	-3.441
1358	-3.473
1359	-3.31
1360	-2.957
1361	-2.772
1362	-2.89
1363	-2.978
1364	-3.148
1365	-3.366
1366	-3.454
1367	-3.204
1368	-3.262
1369	-3.374
1370	-3.628
1371	-3.859
1372	-4.091
1373	-4.208
1374	-4.422
1375	-4.629
1376	-4.893
1377	-5.097
1378	-5.159
1379	-4.941
1380	-4.587
1381	-4.478
1382	-4.234
1383	-4.014
1384	-3.902
1385	-4.121
1386	-4.151
1387	-4.095
1388	-3.819
1389	-3.349
1390	-2.961
1391	-2.895
1392	-2.994
1393	-3.096
1394	-2.987
1395	-2.832
1396	-2.826
1397	-3.249
1398	-3.77
1399	-4.125
1400	-4.478
1401	-4.701
1402	-4.688
1403	-4.553
1404	-4.305
1405	-4.119
1406	-3.999
1407	-3.998
1408	-3.885
1409	-3.914
1410	-4.324
1411	-4.587
1412	-4.797
1413	-4.958
1414	-4.928
1415	-4.928
1416	-4.752
1417	-4.509
1418	-4.544
1419	-4.57
1420	-4.191
1421	-3.769
1422	-3.459
1423	-3.03
1424	-2.82
1425	-2.645
1426	-2.717
1427	-2.695
1428	-2.584
1429	-2.673
1430	-2.834
1431	-2.852
1432	-2.995
1433	-3.122
1434	-3.109
1435	-2.917
1436	-2.591
1437	-2.316
1438	-2.502
1439	-2.754
1440	-3.092
1441	-3.291
1442	-3.236
1443	-3.491
1444	-4.094
1445	-4.775
1446	-5.245
1447	-5.564
1448	-5.385
1449	-4.997
1450	-4.688
1451	-4.417
1452	-4.324
1453	-4.029
1454	-3.493
1455	-3.052
1456	-2.838
1457	-3.326
1458	-3.833
1459	-3.728
1460	-3.371
1461	-3.146
1462	-3.148
1463	-3.613
1464	-3.975
1465	-3.925
1466	-3.38
1467	-2.511
1468	-2.126
1469	-1.931
1470	-1.672
1471	-1.413
1472	-1.06
1473	-0.776
1474	-0.678
1475	-0.481
1476	0.072
1477	0.726
1478	1.169
1479	1.443
1480	1.613
1481	1.714
1482	1.862
1483	1.949
1484	1.715
1485	1.474
1486	1.589
1487	1.596
1488	1.603
1489	1.337
1490	0.885
1491	0.485
1492	0.094
1493	-0.017
1494	0.017
1495	0.146
1496	0.338
1497	0.77
1498	0.92
1499	0.754
1500	0.244
1501	-0.126
1502	-0.323
1503	-0.737
1504	-1.461
1505	-1.893
1506	-2.043
1507	-2.102
1508	-2.592
1509	-3.444
1510	-4.137
1511	-4.374
1512	-4.529
1513	-4.768
1514	-4.555
1515	-4.167
1516	-4.125
1517	-4.35
1518	-4.609
1519	-4.858
1520	-5.464
1521	-5.956
1522	-6.178
1523	-5.952
1524	-5.643
1525	-5.159
1526	-4.891
1527	-5.085
1528	-5.244
1529	-5.276
1530	-5.157
1531	-4.653
1532	-4.127
1533	-3.484
1534	-2.991
1535	-2.258
1536	-1.805
1537	-1.565
1538	-1.557
1539	-1.536
1540	-1.252
1541	-1.06
1542	-0.505
1543	0.674
1544	1.967
1545	2.965
1546	3.574
1547	3.748
1548	3.955
1549	4.075
1550	3.698
1551	3.34
1552	2.95
1553	2.432
1554	2.259
1555	2.023
1556	1.734
1557	1.562
1558	1.027
1559	0.663
1560	0.776
1561	1.027
1562	1.088
1563	1.339
1564	1.402
1565	1.256
1566	1.44
1567	1.544
1568	1.876
1569	1.958
1570	1.99
1571	2.002
1572	1.889
1573	1.738
1574	1.284
1575	0.9
1576	0.668
1577	0.595
1578	0.689
1579	0.536
1580	0.327
1581	0.314
1582	0.475
1583	0.748
1584	1.182
1585	1.256
1586	1.346
1587	1.579
1588	1.851
1589	2.113
1590	2.289
1591	2.173
1592	2.189
1593	2.38
1594	2.852
1595	3.285
1596	3.619
1597	3.898
1598	4.178
1599	4.291
1600	4.301
1601	4.344
1602	4.43
1603	4.537
1604	4.666
1605	4.941
1606	5.263
1607	5.589
1608	5.525
1609	5.325
1610	5.067
1611	5.043
1612	5.135
1613	4.923
1614	4.596
1615	4.13
1616	3.574
1617	3.026
1618	2.608
1619	2.263
1620	1.901
1621	1.825
1622	2.036
1623	2.137
1624	2.002
1625	2.028
1626	2.028
1627	1.646
1628	1.318
1629	1.264
1630	0.787
1631	0.301
1632	-0.113
1633	-0.318
1634	-0.431
1635	-0.423
1636	-0.1
1637	-0.044
1638	-0.192
1639	-0.361
1640	-0.518
1641	-0.711
1642	-0.903
1643	-0.929
1644	-0.628
1645	-0.471
1646	-0.092
1647	0.063
1648	-0.153
1649	-0.789
1650	-1.193
1651	-1.19
1652	-0.807
1653	-0.34
1654	0.109
1655	0.14
1656	-0.161
1657	-0.658
1658	-1.533
1659	-2.608
1660	-3.244
1661	-3.598
1662	-3.763
1663	-3.909
1664	-4.019
1665	-4.186
1666	-4.241
1667	-4.171
1668	-4.04
1669	-4.039
1670	-3.846
1671	-3.765
1672	-3.837
1673	-4.145
1674	-4.47
1675	-4.531
1676	-4.079
1677	-3.65
1678	-3.341
1679	-3.157
1680	-3.122
1681	-3.292
1682	-3.382
1683	-3.38
1684	-3.195
1685	-2.676
1686	-1.849
1687	-1.238
1688	-0.637
1689	-0.292
1690	-0.179
1691	0.129
1692	0.486
1693	0.698
1694	0.648
1695	0.593
1696	0.484
1697	0.334
1698	0.188
1699	0.113
1700	0.007
1701	-0.242
1702	-0.829
1703	-1.391
1704	-2.011
1705	-2.686
1706	-3.28
1707	-3.55
1708	-3.257
1709	-3.306
1710	-2.935
1711	-2.422
1712	-2.21
1713	-2.067
1714	-2.006
1715	-1.949
1716	-2.372
1717	-2.978
1718	-3.475
1719	-3.672
1720	-3.678
1721	-3.345
1722	-3.039
1723	-3.288
1724	-3.583
1725	-3.462
1726	-2.983
1727	-2.682
1728	-2.682
1729	-2.786
1730	-2.804
1731	-2.924
1732	-2.991
1733	-2.922
1734	-2.783
1735	-2.52
1736	-2.202
1737	-1.927
1738	-1.809
1739	-1.822
1740	-1.936
1741	-1.851
1742	-1.862
1743	-1.866
1744	-1.766
1745	-1.864
1746	-2.119
1747	-2.296
1748	-2.155
1749	-1.871
1750	-1.603
1751	-1.238
1752	-0.966
1753	-0.865
1754	-0.709
1755	-0.665
1756	-0.783
1757	-0.68
1758	-0.706
1759	-0.704
1760	-0.654
1761	-0.787
1762	-0.637
1763	-0.148
1764	0.512
1765	0.914
1766	1.296
1767	1.607
1768	1.789
1769	1.562
1770	1.504
1771	1.456
1772	1.363
1773	0.924
1774	0.747
1775	0.732
1776	0.682
1777	0.748
1778	0.887
1779	1.095
1780	1.317
1781	1.763
1782	2.172
1783	2.371
1784	1.962
1785	1.417
1786	1.049
1787	1.241
1788	1.476
1789	1.882
1790	2.479
1791	3.02
1792	3.526
1793	3.421
1794	2.856
1795	2.512
1796	2.372
1797	2.505
1798	2.562
1799	2.584
1800	2.895
1801	3.24
1802	3.262
1803	2.931
1804	2.895
1805	3.157
1806	3.192
1807	2.947
1808	2.715
1809	2.536
1810	2.427
1811	2.454
1812	2.529
1813	2.451
1814	2.268
1815	1.884
1816	1.834
1817	1.895
1818	1.888
1819	1.617
1820	1.609
1821	1.792
1822	2.174
1823	2.056
1824	1.657
1825	1.095
1826	0.571
1827	0.24
1828	0.105
1829	0.227
1830	0.467
1831	0.576
1832	0.53
1833	0.388
1834	-0.015
1835	-0.639
1836	-1.221
1837	-1.667
1838	-1.938
1839	-1.812
1840	-1.452
1841	-1.012
1842	-1.014
1843	-1.153
1844	-1.265
1845	-1.304
1846	-1.369
1847	-1.777
1848	-2.202
1849	-2.519
1850	-2.499
1851	-2.272
1852	-1.821
1853	-1.316
1854	-1.086
1855	-1.101
1856	-0.955
1857	-0.603
1858	-0.183
1859	0.48
1860	1.005
1861	1.648
1862	2.145
1863	2.304
1864	2.359
1865	2.435
1866	2.704
1867	2.592
1868	2.148
1869	1.692
1870	0.981
1871	0.375
1872	-0.349
1873	-1.307
1874	-2.3
1875	-2.76
1876	-2.989
1877	-3.023
1878	-3.02
1879	-3.214
1880	-3.662
1881	-4.236
1882	-4.836
1883	-5.26
1884	-5.843
1885	-6.358
1886	-6.816
1887	-7.155
1888	-7.083
1889	-6.637
1890	-6.044
1891	-5.004
1892	-3.83
1893	-2.387
1894	-1.136
1895	-0.427
1896	0.142
1897	0.929
1898	1.502
1899	1.924
1900	2.124
1901	2.065
1902	2.365
1903	2.699
1904	3.058
1905	3.529
1906	3.803
1907	4.005
1908	4.313
1909	5.085
1910	6.079
1911	7.152
1912	8.1
1913	8.739
1914	9.293
1915	9.796
1916	10.325
1917	10.771
1918	11.011
1919	11.53
1920	12.371
1921	12.751
1922	12.969
1923	12.79
1924	12.413
1925	12.158
1926	12.105
1927	11.977
1928	11.938
1929	11.695
1930	11.116
1931	11.075
1932	11.059
1933	10.784
1934	10.248
1935	9.482
1936	8.893
1937	8.373
1938	8.067
1939	7.653
1940	7.428
1941	7.566
1942	8.128
1943	8.584
1944	9.005
1945	9.737
1946	10.613
1947	10.749
1948	10.187
1949	9.563
1950	8.987
1951	8.213
1952	7.117
1953	6.21
1954	5.429
1955	5.102
1956	4.958
1957	4.851
1958	4.856
1959	4.938
1960	5.099
1961	5.255
1962	5.067
1963	4.691
1964	4.271
1965	3.909
1966	3.84
1967	3.833
1968	4.253
1969	4.505
1970	4.598
1971	4.345
1972	4.192
1973	3.973
1974	3.765
1975	3.554
1976	3.418
1977	3.432
1978	3.119
1979	2.745
1980	2.499
1981	2.287
1982	2.302
1983	2.252
1984	2.377
1985	2.573
1986	2.677
1987	2.957
1988	3.327
1989	3.45
1990	3.419
1991	3.371
1992	3.678
1993	3.955
1994	3.712
1995	2.957
1996	2.577
1997	2.307
1998	2.087
1999	1.694
2000	1.452
2001	1.147
2002	1.184
2003	1.423
2004	1.762
2005	1.862
2006	1.997
2007	2.233
2008	2.329
2009	2.39
2010	2.226
2011	1.722
2012	1.653
2013	2.067
2014	2.856
2015	3.528
2016	3.968
2017	4.132
2018	3.968
2019	3.519
2020	3.299
2021	3.254
2022	3.34
2023	3.506
2024	4.089
2025	4.666
2026	5.087
2027	5.259
2028	5.119
2029	5.214
2030	5.189
2031	5.08
2032	5.1
2033	5.185
2034	5.215
2035	5.233
2036	5.078
2037	4.799
2038	4.212
2039	4.101
2040	4.435
2041	4.929
2042	5.438
2043	5.922
2044	6.264
2045	6.397
2046	6.292
2047	5.782
2048	5.085
2049	4.435
2050	3.915
2051	3.471
2052	3.14
2053	2.983
2054	3.183
2055	3.292
2056	3.349
2057	3.7
2058	4.042
2059	4.327
2060	4.553
2061	4.585
2062	4.466
2063	4.444
2064	4.409
2065	4.182
2066	4.112
2067	4.376
2068	4.681
2069	4.836
2070	4.366
2071	3.85
2072	3.85
2073	3.707
2074	3.659
2075	3.741
2076	3.63
2077	3.281
2078	2.852
2079	2.558
2080	2.586
2081	2.718
2082	2.747
2083	3.02
2084	3.432
2085	3.482
2086	3.15
2087	2.453
2088	1.623
2089	0.984
2090	0.412
2091	-0.168
2092	-0.412
2093	-0.641
2094	-1.108
2095	-1.886
2096	-2.442
2097	-2.704
2098	-2.599
2099	-2.241
2100	-1.766
2101	-1.231
2102	-0.714
2103	0.061
2104	0.451
2105	0.566
2106	0.819
2107	1.158
2108	1.607
2109	1.93
2110	2.211
2111	2.298
2112	2.337
2113	2.359
2114	2.639
2115	2.994
2116	3.393
2117	3.775
2118	4.054
2119	4.112
2120	3.846
2121	3.502
2122	3.24
2123	2.568
2124	1.784
2125	1.357
2126	1.306
2127	1.924
2128	2.52
2129	2.824
2130	2.948
2131	3.175
2132	3.114
2133	2.826
2134	2.861
2135	3.114
2136	3.22
2137	3.066
2138	2.455
2139	1.768
2140	1.333
2141	1.038
2142	0.861
2143	0.986
2144	1.036
2145	0.981
2146	1.077
2147	1.335
2148	1.866
2149	2.264
2150	2.25
2151	2.233
2152	2.254
2153	2.142
2154	2.054
2155	2.065
2156	1.825
2157	0.968
2158	-0.035
2159	-0.667
2160	-1.281
2161	-1.831
2162	-2.03
2163	-1.949
2164	-1.748
2165	-1.465
2166	-1.121
2167	-0.92
2168	-0.663
2169	-0.615
2170	-0.767
2171	-1.023
2172	-1.366
2173	-1.404
2174	-1.265
2175	-0.859
2176	-0.462
2177	0.013
2178	0.65
2179	1.212
2180	1.441
2181	1.75
2182	2.215
2183	2.294
2184	2.145
2185	1.859
2186	1.788
2187	1.387
2188	0.89
2189	0.495
2190	0.414
2191	0.754
2192	0.855
2193	0.808
2194	0.814
2195	0.65
2196	0.366
2197	0.045
2198	-0.336
2199	-0.637
2200	-1.079
2201	-1.667
2202	-2
2203	-2.092
2204	-1.98
2205	-1.374
2206	-0.806
2207	-0.618
2208	-0.615
2209	-0.706
2210	-0.48
2211	-0.31
2212	0.008
2213	-0.146
2214	-0.475
2215	-0.589
2216	-0.384
2217	-0.113
2218	0.485
2219	0.835
2220	0.904
2221	1.186
2222	1.358
2223	1.269
2224	1.013
2225	0.741
2226	0.549
2227	0.177
2228	-0.31
2229	-0.602
2230	-0.65
2231	-0.674
2232	-0.473
2233	-0.135
2234	0.107
2235	0.092
2236	0.131
2237	0.157
2238	0.087
2239	-0.275
2240	-0.743
2241	-1.311
2242	-1.705
2243	-1.91
2244	-1.987
2245	-2.145
2246	-2.235
2247	-2.211
2248	-2.023
2249	-1.62
2250	-1.146
2251	-0.922
2252	-0.706
2253	-0.559
2254	-0.432
2255	-0.379
2256	-0.19
2257	-0.07
2258	-0.225
2259	-0.513
2260	-1.02
2261	-1.181
2262	-1.637
2263	-2.048
2264	-1.993
2265	-1.834
2266	-1.675
2267	-1.698
2268	-2.014
2269	-2.462
2270	-2.725
2271	-2.97
2272	-3.308
2273	-3.341
2274	-3.393
2275	-3.358
2276	-3.436
2277	-3.691
2278	-3.648
2279	-3.65
2280	-3.702
2281	-3.702
2282	-3.489
2283	-3.284
2284	-2.834
2285	-2.261
2286	-1.696
2287	-1.356
2288	-1.545
2289	-1.855
2290	-2.097
2291	-2.568
2292	-2.904
2293	-3.105
2294	-3.545
2295	-4.042
2296	-4.215
2297	-4.103
2298	-3.76
2299	-3.318
2300	-3.07
2301	-2.864
2302	-2.592
2303	-2.348
2304	-2.18
2305	-2.008
2306	-1.496
2307	-0.916
2308	-0.654
2309	-0.802
2310	-0.977
2311	-0.94
2312	-0.822
2313	-0.96
2314	-1.11
2315	-0.82
2316	-0.855
2317	-0.959
2318	-0.879
2319	-0.938
2320	-0.994
2321	-1.126
2322	-1.574
2323	-1.515
2324	-1.33
2325	-1.299
2326	-1.344
2327	-1.472
2328	-1.653
2329	-1.618
2330	-1.855
2331	-1.823
2332	-1.895
2333	-2.199
2334	-2.719
2335	-3.279
2336	-3.558
2337	-3.552
2338	-3.31
2339	-3.1
2340	-2.83
2341	-2.846
2342	-3.087
2343	-3.395
2344	-3.575
2345	-3.51
2346	-3.34
2347	-3.428
2348	-3.676
2349	-3.912
2350	-3.871
2351	-3.563
2352	-3.157
2353	-3.083
2354	-3.244
2355	-3.553
2356	-4.099
2357	-4.758
2358	-5.385
2359	-5.745
2360	-6.005
2361	-6.236
2362	-6.203
2363	-6.077
2364	-6.318
2365	-6.458
2366	-6.654
2367	-6.886
2368	-7.032
2369	-7.263
2370	-7.23
2371	-6.674
2372	-5.992
2373	-5.542
2374	-5.351
2375	-5.416
2376	-5.564
2377	-5.864
2378	-6.066
2379	-5.847
2380	-5.151
2381	-4.543
2382	-3.949
2383	-3.205
2384	-2.826
2385	-2.616
2386	-2.342
2387	-1.855
2388	-1.64
2389	-1.899
2390	-2.307
2391	-2.939
2392	-3.327
2393	-3.51
2394	-3.493
2395	-3.254
2396	-2.905
2397	-2.52
2398	-2.31
2399	-2.507
2400	-2.42
2401	-1.914
2402	-1.48
2403	-1.265
2404	-1.499
2405	-1.973
2406	-2.337
2407	-2.857
2408	-3.227
2409	-3.148
2410	-2.621
2411	-1.914
2412	-1.692
2413	-1.869
2414	-2.298
2415	-3.109
2416	-3.571
2417	-3.902
2418	-3.792
2419	-3.207
2420	-2.852
2421	-2.743
2422	-2.562
2423	-2.306
2424	-2.393
2425	-2.487
2426	-2.523
2427	-2.416
2428	-2.062
2429	-1.848
2430	-1.291
2431	-1.05
2432	-0.983
2433	-0.763
2434	-0.658
2435	-0.754
2436	-0.855
2437	-0.87
2438	-0.842
2439	-0.434
2440	0.223
2441	0.685
2442	1.105
2443	1.164
2444	0.693
2445	-0.105
2446	-1.099
2447	-1.932
2448	-2.673
2449	-3.619
2450	-4.23
2451	-4.504
2452	-4.367
2453	-3.871
2454	-3.553
2455	-3.566
2456	-4.077
2457	-4.387
2458	-4.594
2459	-5.353
2460	-6.092
2461	-6.43
2462	-6.454
2463	-6.031
2464	-5.508
2465	-4.47
2466	-3.262
2467	-2.296
2468	-1.64
2469	-1.012
2470	-0.588
2471	-0.318
2472	-0.336
2473	-0.89
2474	-1.572
2475	-2.102
2476	-2.39
2477	-2.586
2478	-2.773
2479	-2.996
2480	-3.375
2481	-3.65
2482	-3.553
2483	-3.462
2484	-3.696
2485	-4.007
2486	-4.308
2487	-4.43
2488	-4.517
2489	-4.218
2490	-3.737
2491	-3.295
2492	-2.854
2493	-2.673
2494	-2.783
2495	-2.8
2496	-2.822
2497	-2.936
2498	-2.83
2499	-2.764
2500	-2.983
2501	-3.01
2502	-2.86
2503	-2.887
2504	-2.797
2505	-2.9
2506	-3.132
2507	-3.185
2508	-3.639
2509	-4.239
2510	-4.71
2511	-5.147
2512	-5.269
2513	-5.146
2514	-4.72
2515	-4.413
2516	-4.339
2517	-4.348
2518	-4.304
2519	-4.461
2520	-4.792
2521	-5.22
2522	-5.537
2523	-5.752
2524	-6.026
2525	-6.057
2526	-5.943
2527	-5.776
2528	-5.462
2529	-5.092
2530	-4.535
2531	-4.321
2532	-4.116
2533	-3.748
2534	-3.135
2535	-2.656
2536	-2.983
2537	-3.504
2538	-3.938
2539	-3.994
2540	-3.894
2541	-3.797
2542	-3.968
2543	-4.382
2544	-5.166
2545	-5.743
2546	-5.719
2547	-5.627
2548	-5.342
2549	-4.67
2550	-4.125
2551	-3.901
2552	-3.781
2553	-3.428
2554	-3.118
2555	-2.791
2556	-2.316
2557	-1.831
2558	-1.452
2559	-0.829
2560	-0.198
2561	0.31
2562	0.471
2563	0.689
2564	1.044
2565	1.252
2566	1.139
2567	1.02
2568	0.894
2569	0.868
2570	1.208
2571	1.675
2572	2.072
2573	2.372
2574	2.887
2575	3.803
2576	4.557
2577	4.788
2578	4.849
2579	4.705
2580	3.964
2581	3.551
2582	3.462
2583	3.179
2584	2.917
2585	2.767
2586	2.791
2587	2.647
2588	2.739
2589	3.131
2590	3.55
2591	3.882
2592	4.018
2593	3.861
2594	3.515
2595	3.013
2596	2.451
2597	1.682
2598	0.805
2599	-0.087
2600	-0.733
2601	-1.332
2602	-1.878
2603	-2.769
2604	-3.927
2605	-4.799
2606	-5.189
2607	-5.26
2608	-5.469
2609	-5.686
2610	-5.944
2611	-6.02
2612	-6.005
2613	-6.218
2614	-6.661
2615	-7.221
2616	-7.383
2617	-7.072
2618	-6.775
2619	-6.693
2620	-6.203
2621	-5.752
2622	-5.391
2623	-4.672
2624	-4.302
2625	-4.103
2626	-4.077
2627	-3.853
2628	-3.614
2629	-3.467
2630	-3.088
2631	-2.198
2632	-0.879
2633	0.288
2634	0.809
2635	0.85
2636	1.271
2637	1.618
2638	1.736
2639	1.736
2640	1.869
2641	2.054
2642	2.486
2643	2.7
2644	2.699
2645	2.856
2646	2.901
2647	3.105
2648	3.271
2649	3.005
2650	2.695
2651	2.186
2652	1.875
2653	1.665
2654	1.5
2655	1.238
2656	0.939
2657	0.606
2658	-0.017
2659	-0.551
2660	-0.822
2661	-0.551
2662	0.011
2663	0.763
2664	1.666
2665	1.962
2666	1.932
2667	1.74
2668	1.395
2669	0.624
2670	-0.321
2671	-1.033
2672	-1.105
2673	-1.212
2674	-0.979
2675	-0.735
2676	-0.602
2677	-0.702
2678	-0.826
2679	-0.793
2680	-0.824
2681	-0.815
2682	-0.848
2683	-0.488
2684	-0.118
2685	-0.257
2686	-0.437
2687	-0.281
2688	-0.153
2689	-0.265
2690	-0.157
2691	-0.216
2692	-0.379
2693	-0.412
2694	-0.144
2695	0.096
2696	0.075
2697	0.24
2698	0.04
2699	0.14
2700	0.196
2701	0.292
2702	0.51
2703	0.968
2704	1.57
2705	2.045
2706	2.272
2707	2.542
2708	2.507
2709	2.25
2710	2.104
2711	2.06
2712	2.198
2713	2.394
2714	2.425
2715	2.287
2716	2.398
2717	2.686
2718	3.055
2719	3.192
2720	3.623
2721	3.914
2722	3.795
2723	3.541
2724	3.205
2725	2.929
2726	2.963
2727	3.118
2728	3.103
2729	3.095
2730	2.948
2731	2.769
2732	2.496
2733	2.031
2734	1.749
2735	1.537
2736	1.736
2737	2.24
2738	2.909
2739	3.357
2740	3.357
2741	2.834
2742	2.398
2743	1.709
2744	0.988
2745	0.392
2746	-0.009
2747	-0.518
2748	-0.789
2749	-0.619
2750	-0.637
2751	-0.992
2752	-1.461
2753	-2.05
2754	-2.651
2755	-3.277
2756	-3.341
2757	-3.148
2758	-2.873
2759	-2.464
2760	-2.036
2761	-1.755
2762	-1.941
2763	-2.433
2764	-2.789
2765	-3.24
2766	-3.486
2767	-3.249
2768	-2.803
2769	-2.313
2770	-2.175
2771	-2.126
2772	-2.023
2773	-2.066
2774	-2.076
2775	-1.901
2776	-1.409
2777	-0.999
2778	-1.007
2779	-1.391
2780	-1.587
2781	-1.941
2782	-2.248
2783	-2.433
2784	-2.711
2785	-2.887
2786	-3.073
2787	-2.829
2788	-2.586
2789	-2.402
2790	-2.506
2791	-2.462
2792	-2.402
2793	-1.941
2794	-1.544
2795	-1.265
2796	-1.038
2797	-0.872
2798	-0.933
2799	-1.242
2800	-1.914
2801	-2.245
2802	-2.394
2803	-2.178
2804	-1.893
2805	-1.779
2806	-1.884
2807	-1.805
2808	-1.583
2809	-1.262
2810	-1.409
2811	-1.627
2812	-1.62
2813	-1.507
2814	-1.644
2815	-1.779
2816	-1.801
2817	-2.1
2818	-2.489
2819	-2.669
2820	-2.682
2821	-2.852
2822	-2.935
2823	-2.963
2824	-2.846
2825	-2.632
2826	-2.302
2827	-2.252
2828	-2.442
2829	-2.515
2830	-2.54
2831	-2.285
2832	-1.963
2833	-1.751
2834	-1.502
2835	-1.474
2836	-1.655
2837	-2.156
2838	-2.777
2839	-3.051
2840	-3.008
2841	-2.741
2842	-2.372
2843	-1.657
2844	-1.084
2845	-0.51
2846	0.087
2847	0.505
2848	0.577
2849	0.776
2850	1.049
2851	0.977
2852	1.001
2853	1.031
2854	1.033
2855	1.068
2856	1.043
2857	1.005
2858	1.177
2859	1.33
2860	1.439
2861	1.169
2862	0.717
2863	0.392
2864	0.192
2865	0.041
2866	-0.039
2867	0.301
2868	0.584
2869	0.912
2870	1.273
2871	1.57
2872	1.824
2873	1.899
2874	1.893
2875	1.812
2876	2.322
2877	2.97
2878	3.433
2879	3.942
2880	4.611
2881	5.39
2882	5.791
2883	5.846
2884	5.46
2885	5.111
2886	4.723
2887	4.424
2888	4.234
2889	3.853
2890	3.667
2891	3.775
2892	4.09
2893	4.74
2894	5.518
2895	5.782
2896	5.769
2897	5.538
2898	5.49
2899	5.645
2900	5.582
2901	5.351
2902	5.048
2903	4.76
2904	4.574
2905	4.134
2906	3.82
2907	3.694
2908	3.441
2909	2.979
2910	2.671
2911	2.66
2912	2.616
2913	2.571
2914	2.394
2915	2.407
2916	2.673
2917	3.07
2918	3.406
2919	3.715
2920	4.082
2921	4.415
2922	4.38
2923	3.853
2924	3.026
2925	2.18
2926	1.509
2927	1.086
2928	0.673
2929	0.471
2930	0.183
2931	-0.477
2932	-1.06
2933	-1.076
2934	-1.109
2935	-1.247
2936	-1.156
2937	-0.981
2938	-1.199
2939	-1.821
2940	-2.874
2941	-3.787
2942	-4.324
2943	-4.688
2944	-5.157
2945	-5.288
2946	-5.244
2947	-5.045
2948	-4.725
2949	-4.057
2950	-2.973
2951	-1.845
2952	-1.121
2953	-0.619
2954	-0.148
2955	-0.209
2956	-0.249
2957	0.002
2958	0.188
2959	0.674
2960	1.169
2961	1.651
2962	2.041
2963	1.991
2964	1.653
2965	1.269
2966	1.124
2967	0.743
2968	0.227
2969	-0.099
2970	-0.021
2971	-0.063
2972	-0.185
2973	-0.334
2974	-0.556
2975	-0.639
2976	-0.414
2977	-0.126
2978	-0.1
2979	-0.007
2980	0.048
2981	-0.113
2982	-0.245
2983	-0.412
2984	-0.471
2985	-0.593
2986	-0.894
2987	-0.724
2988	-0.445
2989	-0.021
2990	0.368
2991	0.805
2992	0.983
2993	0.886
2994	1.099
2995	1.378
2996	1.884
2997	2.285
2998	2.272
2999	2.063
3000	2.156
3001	2.411
3002	2.35
3003	1.971
3004	1.507
3005	1.158
3006	0.552
3007	-0.17
3008	-0.663
3009	-1.086
3010	-1.596
3011	-1.882
3012	-2.106
3013	-2.097
3014	-2.047
3015	-1.884
3016	-1.736
3017	-1.692
3018	-2.092
3019	-2.996
3020	-4.081
3021	-4.807
3022	-5.08
3023	-5.255
3024	-5.167
3025	-5.006
3026	-4.958
3027	-5.226
3028	-5.438
3029	-5.228
3030	-4.765
3031	-4.217
3032	-3.661
3033	-3.41
3034	-3.684
3035	-4.176
3036	-4.534
3037	-4.788
3038	-5.044
3039	-5.274
3040	-5.636
3041	-5.86
3042	-5.76
3043	-5.431
3044	-4.853
3045	-4.888
3046	-4.923
3047	-4.931
3048	-4.948
3049	-4.864
3050	-5.05
3051	-5.285
3052	-5.182
3053	-4.862
3054	-4.441
3055	-3.853
3056	-3.489
3057	-3.29
3058	-3.018
3059	-2.791
3060	-2.834
3061	-2.839
3062	-2.725
3063	-2.547
3064	-2.365
3065	-1.981
3066	-1.625
3067	-1.204
3068	-1.018
3069	-0.859
3070	-0.839
3071	-0.798
3072	-0.94
3073	-1.35
3074	-1.515
3075	-1.607
3076	-1.875
3077	-2.196
3078	-2.464
3079	-2.782
3080	-3.105
3081	-3.349
3082	-3.528
3083	-3.841
3084	-4.251
3085	-4.361
3086	-4.474
3087	-4.718
3088	-4.72
3089	-4.321
3090	-3.898
3091	-3.563
3092	-3.231
3093	-2.923
3094	-2.603
3095	-2.455
3096	-2.682
3097	-2.851
3098	-3.039
3099	-3.107
3100	-3.28
3101	-3.508
3102	-3.78
3103	-4.112
3104	-4.359
3105	-4.33
3106	-4.417
3107	-4.643
3108	-4.692
3109	-4.629
3110	-4.714
3111	-4.956
3112	-4.997
3113	-4.884
3114	-4.627
3115	-4.151
3116	-3.977
3117	-3.798
3118	-3.628
3119	-3
3120	-2.529
3121	-2.249
3122	-2.215
3123	-2.455
3124	-3.066
3125	-3.364
3126	-3.525
3127	-3.637
3128	-3.861
3129	-4.081
3130	-4.025
3131	-3.957
3132	-4.107
3133	-4.535
3134	-4.961
3135	-5.5
3136	-5.928
3137	-6.179
3138	-6.33
3139	-6.227
3140	-5.979
3141	-5.646
3142	-5.468
3143	-5.054
3144	-4.653
3145	-4.694
3146	-5.201
3147	-5.729
3148	-6.127
3149	-6.048
3150	-5.702
3151	-5.281
3152	-4.976
3153	-4.862
3154	-4.603
3155	-4.169
3156	-3.866
3157	-3.988
3158	-4.359
3159	-4.494
3160	-4.526
3161	-4.52
3162	-4.326
3163	-4.12
3164	-4.073
3165	-4.004
3166	-4.18
3167	-3.983
3168	-3.48
3169	-2.804
3170	-2.44
3171	-2.403
3172	-2.475
3173	-2.377
3174	-2.32
3175	-2.183
3176	-1.821
3177	-1.187
3178	-0.358
3179	0.181
3180	-0.041
3181	-0.566
3182	-1.084
3183	-1.382
3184	-1.788
3185	-1.945
3186	-1.919
3187	-1.709
3188	-1.696
3189	-1.731
3190	-1.879
3191	-1.913
3192	-1.594
3193	-1.121
3194	-0.541
3195	-0.323
3196	-0.279
3197	-0.262
3198	-0.316
3199	-0.512
3200	-0.555
3201	-0.397
3202	-0.083
3203	-0.15
3204	-0.576
3205	-0.946
3206	-1.119
3207	-1.012
3208	-0.986
3209	-0.736
3210	-0.414
3211	-0.335
3212	-0.336
3213	-0.131
3214	0.301
3215	0.794
3216	0.972
3217	1.103
3218	1.081
3219	0.962
3220	0.894
3221	0.767
3222	0.633
3223	0.641
3224	1.124
3225	1.67
3226	1.906
3227	1.995
3228	2.002
3229	2.235
3230	2.526
3231	2.903
3232	3.314
3233	3.685
3234	3.765
3235	3.75
3236	3.615
3237	3.369
3238	2.727
3239	2.137
3240	1.775
3241	1.69
3242	1.635
3243	1.539
3244	1.801
3245	2.141
3246	2.743
3247	3.201
3248	3.266
3249	3.205
3250	2.848
3251	2.438
3252	1.91
3253	1.361
3254	0.818
3255	0.454
3256	0.131
3257	-0.048
3258	-0.554
3259	-0.954
3260	-1.294
3261	-1.299
3262	-0.942
3263	-0.615
3264	-0.522
3265	-0.815
3266	-1.631
3267	-2.455
3268	-2.695
3269	-3.109
3270	-3.449
3271	-3.54
3272	-3.622
3273	-3.836
3274	-3.946
3275	-3.919
3276	-4.036
3277	-4.389
3278	-4.814
3279	-5.505
3280	-6.332
3281	-6.955
3282	-7.483
3283	-7.561
3284	-7.539
3285	-7.74
3286	-8.255
3287	-8.852
3288	-9.203
3289	-9.325
3290	-9.245
3291	-9.094
3292	-9.271
3293	-9.306
3294	-9.066
3295	-8.816
3296	-8.707
3297	-8.395
3298	-8.277
3299	-8.137
3300	-7.834
3301	-7.657
3302	-7.524
3303	-7.134
3304	-6.611
3305	-6.216
3306	-5.586
3307	-4.731
3308	-4.186
3309	-3.829
3310	-3.357
3311	-2.911
3312	-2.899
3313	-3.212
3314	-3.514
3315	-3.781
3316	-3.929
3317	-4.007
3318	-4.404
3319	-4.845
3320	-5.194
3321	-5.335
3322	-5.102
3323	-4.788
3324	-4.572
3325	-4.076
3326	-3.396
3327	-2.734
3328	-2.159
3329	-1.945
3330	-1.919
3331	-1.705
3332	-1.527
3333	-1.16
3334	-0.728
3335	-0.172
3336	0.392
3337	0.761
3338	0.859
3339	0.802
3340	0.829
3341	0.907
3342	0.955
3343	1.016
3344	1.012
3345	0.776
3346	0.475
3347	0.07
3348	0.188
3349	0.52
3350	0.597
3351	0.628
3352	0.566
3353	0.687
3354	1.056
3355	1.513
3356	2.02
3357	2.318
3358	2.76
3359	2.943
3360	2.752
3361	2.326
3362	1.986
3363	1.696
3364	1.435
3365	1.051
3366	0.774
3367	0.896
3368	1.45
3369	1.594
3370	1.221
3371	0.914
3372	0.872
3373	1.278
3374	1.527
3375	1.612
3376	2.023
3377	2.452
3378	2.704
3379	3.211
3380	3.702
3381	4.404
3382	4.74
3383	4.59
3384	4.396
3385	4.101
3386	3.824
3387	3.65
3388	3.52
3389	3.318
3390	3.075
3391	2.798
3392	2.696
3393	2.603
3394	2.481
3395	2.222
3396	2.193
3397	1.927
3398	1.67
3399	1.354
3400	1.077
3401	1.138
3402	1.385
3403	1.598
3404	1.601
3405	1.4
3406	0.981
3407	0.421
3408	0.222
3409	0.026
3410	-0.235
3411	-0.323
3412	-0.615
3413	-0.687
3414	-0.523
3415	-0.497
3416	-0.909
3417	-1.299
3418	-1.6
3419	-2.076
3420	-2.241
3421	-2.501
3422	-2.47
3423	-2.505
3424	-2.409
3425	-2.108
3426	-1.568
3427	-1.042
3428	-0.541
3429	-0.281
3430	-0.028
3431	0.184
3432	0.017
3433	-0.164
3434	-0.281
3435	-0.539
3436	-1.182
3437	-1.954
3438	-2.606
3439	-2.623
3440	-2.371
3441	-2.399
3442	-2.442
3443	-2.272
3444	-2.041
3445	-2.063
3446	-2.036
3447	-1.805
3448	-1.873
3449	-2.128
3450	-2.536
3451	-3.19
3452	-3.489
3453	-3.465
3454	-3.462
3455	-3.506
3456	-3.41
3457	-3.723
3458	-3.798
3459	-3.731
3460	-3.771
3461	-3.676
3462	-3.375
3463	-3.134
3464	-2.743
3465	-2.32
3466	-2.1
3467	-1.667
3468	-1.156
3469	-0.632
3470	-0.501
3471	-0.7
3472	-1.059
3473	-0.999
3474	-0.75
3475	-0.34
3476	0.092
3477	0.382
3478	0.592
3479	0.201
3480	-0.153
3481	-0.645
3482	-0.89
3483	-1.172
3484	-1.522
3485	-1.705
3486	-2.027
3487	-2.399
3488	-2.999
3489	-3.408
3490	-3.777
3491	-3.701
3492	-3.519
3493	-3.066
3494	-2.878
3495	-2.937
3496	-3.245
3497	-3.711
3498	-4.398
3499	-4.84
3500	-4.775
3501	-4.426
3502	-4.579
3503	-5.03
3504	-5.281
3505	-5.085
3506	-4.698
3507	-4.773
3508	-4.867
3509	-4.797
3510	-4.393
3511	-3.757
3512	-3.292
3513	-2.985
3514	-2.791
3515	-2.547
3516	-2.411
3517	-2.026
3518	-1.753
3519	-1.404
3520	-0.924
3521	-0.124
3522	0.42
3523	0.809
3524	1.392
3525	1.64
3526	1.55
3527	1.164
3528	0.881
3529	0.504
3530	0.349
3531	0.425
3532	0.499
3533	0.436
3534	0.193
3535	-0.283
3536	-0.955
3537	-1.753
3538	-2.263
3539	-2.433
3540	-2.551
3541	-2.425
3542	-2.193
3543	-1.997
3544	-1.862
3545	-1.777
3546	-1.705
3547	-1.757
3548	-1.814
3549	-1.727
3550	-1.33
3551	-0.907
3552	-0.264
3553	0.148
3554	0.297
3555	0.375
3556	0.493
3557	0.781
3558	1.245
3559	1.607
3560	2.097
3561	2.798
3562	3.393
3563	3.973
3564	4.075
3565	3.968
3566	4.003
3567	4.313
3568	4.544
3569	4.544
3570	4.252
3571	3.833
3572	3.254
3573	2.691
3574	2.237
3575	1.988
3576	1.99
3577	2.335
3578	2.538
3579	2.474
3580	2.235
3581	1.893
3582	1.537
3583	0.959
3584	0.423
3585	-0.205
3586	-0.632
3587	-0.931
3588	-1.328
3589	-1.52
3590	-1.599
3591	-1.91
3592	-2.468
3593	-2.911
3594	-3.414
3595	-3.92
3596	-4.243
3597	-4.713
3598	-5.328
3599	-5.873
3600	-6.204
3601	-6.155
3602	-5.691
3603	-5.246
3604	-5.294
3605	-5.251
3606	-5.063
3607	-4.181
3608	-3.07
3609	-1.914
3610	-1.068
3611	-0.685
3612	-0.464
3613	-0.188
3614	0.22
3615	0.728
3616	1.28
3617	1.888
3618	2.106
3619	2.045
3620	1.962
3621	1.75
3622	1.738
3623	2.108
3624	2.651
3625	3.103
3626	3.576
3627	3.829
3628	3.855
3629	3.599
3630	3.201
3631	2.836
3632	2.25
3633	1.867
3634	1.648
3635	1.611
3636	1.48
3637	1.177
3638	0.567
3639	0.227
3640	0.094
3641	-0.102
3642	-0.468
3643	-0.737
3644	-0.952
3645	-1.417
3646	-1.943
3647	-2.321
3648	-2.586
3649	-2.56
3650	-2.532
3651	-2.626
3652	-2.455
3653	-2.169
3654	-1.736
3655	-1.116
3656	-0.583
3657	-0.571
3658	-0.933
3659	-1.099
3660	-1.069
3661	-1.005
3662	-0.793
3663	-0.397
3664	-0.026
3665	-0.081
3666	-0.026
3667	0.17
3668	0.585
3669	1.156
3670	1.456
3671	1.636
3672	1.79
3673	1.792
3674	1.561
3675	1.185
3676	0.789
3677	1.06
3678	1.814
3679	2.42
3680	2.882
3681	3.087
3682	3.381
3683	3.484
3684	3.628
3685	3.598
3686	3.302
3687	2.889
3688	2.627
3689	2.35
3690	2.383
3691	2.318
3692	2.13
3693	2.054
3694	2.002
3695	1.991
3696	2.145
3697	2.477
3698	2.622
3699	2.643
3700	2.32
3701	1.509
3702	1.064
3703	1.249
3704	1.548
3705	1.927
3706	2.616
3707	3.423
3708	4.204
3709	4.391
3710	4.206
3711	3.789
3712	3.676
3713	3.948
3714	4.405
3715	4.574
3716	4.693
3717	5.154
3718	5.741
3719	6.685
3720	7.348
3721	7.452
3722	7.213
3723	6.833
3724	6.362
3725	6.066
3726	5.891
3727	5.917
3728	5.959
3729	6.083
3730	6.349
3731	6.753
3732	7.083
3733	7.256
3734	7.064
3735	6.689
3736	6.538
3737	6.363
3738	6.271
3739	6.266
3740	6.199
3741	6.454
3742	6.842
3743	7.117
3744	7.136
3745	7.167
3746	7.012
3747	6.929
3748	6.792
3749	6.436
3750	6.109
3751	6.059
3752	6.101
3753	6.144
3754	6.105
3755	6.002
3756	5.808
3757	5.54
3758	5.268
3759	4.984
3760	4.635
3761	4.204
3762	3.672
3763	2.978
3764	2.418
3765	2.397
3766	2.551
3767	2.468
3768	2.25
3769	2.095
3770	1.736
3771	1.478
3772	1.345
3773	1.417
3774	1.929
3775	2.333
3776	2.61
3777	2.946
3778	3.263
3779	3.327
3780	3.728
3781	4.317
3782	4.47
3783	4.125
3784	3.611
3785	3.515
3786	3.829
3787	4.239
3788	4.581
3789	4.822
3790	5.068
3791	5.196
3792	5.333
3793	5.442
3794	5.247
3795	5.135
3796	5.106
3797	5.163
3798	5.124
3799	5.004
3800	4.95
3801	5.228
3802	5.242
3803	5.02
3804	4.641
3805	4.282
3806	4.353
3807	4.514
3808	4.821
3809	5.01
3810	5.481
3811	6.077
3812	6.245
3813	6.279
3814	5.832
3815	5.146
3816	3.982
3817	2.739
3818	1.947
3819	1.619
3820	1.153
3821	0.541
3822	0.174
3823	-0.205
3824	-0.643
3825	-0.588
3826	0.172
3827	0.767
3828	1.223
3829	1.147
3830	0.7
3831	0.15
3832	-0.343
3833	-0.561
3834	-0.774
3835	-1.012
3836	-1.361
3837	-1.814
3838	-2.052
3839	-2.381
3840	-2.996
3841	-3.74
3842	-4.361
3843	-5.237
3844	-5.926
3845	-6.415
3846	-6.388
3847	-5.876
3848	-5.22
3849	-4.688
3850	-4.085
3851	-3.506
3852	-3.135
3853	-2.765
3854	-2.634
3855	-2.843
3856	-3.003
3857	-3.325
3858	-3.829
3859	-4.434
3860	-5.069
3861	-5.333
3862	-5.169
3863	-4.814
3864	-4.675
3865	-4.597
3866	-5.037
3867	-5.343
3868	-5.263
3869	-4.864
3870	-4.35
3871	-3.955
3872	-3.382
3873	-3.055
3874	-2.888
3875	-2.89
3876	-2.957
3877	-3.237
3878	-3.937
3879	-4.446
3880	-4.758
3881	-5.016
3882	-4.871
3883	-4.814
3884	-4.788
3885	-5.002
3886	-5.276
3887	-5.462
3888	-5.56
3889	-5.236
3890	-4.753
3891	-4.226
3892	-3.76
3893	-3.1
3894	-2.776
3895	-2.396
3896	-2.075
3897	-1.544
3898	-0.688
3899	-0.261
3900	-0.567
3901	-0.946
3902	-1.339
3903	-1.574
3904	-1.887
3905	-1.973
3906	-1.667
3907	-1.221
3908	-0.543
3909	0.076
3910	0.41
3911	0.209
3912	-0.672
3913	-1.518
3914	-2.193
3915	-2.996
3916	-3.817
3917	-4.221
3918	-4.321
3919	-4.071
3920	-3.22
3921	-2.276
3922	-1.441
3923	-0.419
3924	0.319
3925	0.328
3926	0.227
3927	0.401
3928	0.599
3929	0.456
3930	-0.558
3931	-2.292
3932	-3.405
3933	-3.783
3934	-3.356
3935	-2.333
3936	-1.219
3937	-0.06
3938	0.515
3939	0.914
3940	1.653
3941	2.24
3942	2.093
3943	1.888
3944	1.862
3945	1.651
3946	1.157
3947	1.091
3948	1.19
3949	1.648
3950	2.442
3951	2.804
3952	3.052
3953	3.772
3954	4.116
3955	3.646
3956	2.537
3957	1.679
3958	0.763
3959	0.781
3960	1.648
3961	2.66
3962	4.282
3963	5.782
3964	6.558
3965	6.633
3966	7.161
3967	8.625
3968	10.2
3969	11.224
3970	11.3
3971	11.622
3972	12.637
3973	13.413
3974	13.418
3975	13.518
3976	13.723
3977	13.902
3978	13.701
3979	13.754
3980	14.081
3981	14.805
3982	15.947
3983	16.843
3984	16.921
3985	16.427
3986	16.35
3987	16.623
3988	17.179
3989	17.869
3990	18.877
3991	20.035
3992	20.267
3993	19.682
3994	18.829
3995	18.559
3996	18.755
3997	19.544
3998	19.909
3999	19.3
4000	18.816
4001	18.561
4002	18.029
4003	17.334
4004	17.216
4005	17.477
4006	17.489
4007	16.876
4008	16.619
4009	16.47
4010	15.563
4011	14.43
4012	13.536
4013	13.253
4014	13.832
4015	15.16
4016	16.316
4017	17.271
4018	18.114
4019	18.194
4020	17.264
4021	15.781
4022	14.238
4023	12.655
4024	11.457
4025	9.916
4026	8.229
4027	6.698
4028	5.024
4029	2.656
4030	0.341
4031	-0.266
4032	0.388
4033	0.65
4034	0.693
4035	0.329
4036	-0.615
4037	-1.539
4038	-2.296
4039	-3.07
4040	-3.979
4041	-5.004
4042	-5.879
4043	-6.545
4044	-7.073
4045	-7.416
4046	-7.662
4047	-7.409
4048	-6.95
4049	-6.454
4050	-6.566
4051	-6.833
4052	-6.973
4053	-7.505
4054	-8.861
4055	-10.309
4056	-11.181
4057	-11.261
4058	-11.144
4059	-11.296
4060	-10.849
4061	-10.158
4062	-9.919
4063	-10.145
4064	-10.108
4065	-9.596
4066	-9.365
4067	-9.803
4068	-9.947
4069	-9.577
4070	-9.007
4071	-8.902
4072	-8.32
4073	-8.135
4074	-8.46
4075	-8.905
4076	-9.332
4077	-9.679
4078	-9.713
4079	-9.841
4080	-9.785
4081	-9.357
4082	-9.358
4083	-9.611
4084	-9.217
4085	-8.38
4086	-7.57
4087	-6.906
4088	-7.06
4089	-7.413
4090	-7.492
4091	-6.923
4092	-6.083
4093	-6.013
4094	-6.548
4095	-6.633
4096	-7.668
4097	-9.546
4098	-11.079
4099	-12.04
4100	-12.376
4101	-12.554
4102	-12.777
4103	-12.96
4104	-12.992
4105	-12.852
4106	-12.827
4107	-12.666
4108	-12.467
4109	-12.429
4110	-12.899
4111	-13.924
4112	-14.858
4113	-15.171
4114	-14.905
4115	-14.608
4116	-14.634
4117	-14.571
4118	-14.389
4119	-14.119
4120	-13.296
4121	-12.245
4122	-11.2
4123	-10.216
4124	-9.381
4125	-8.553
4126	-7.902
4127	-7.736
4128	-7.752
4129	-7.843
4130	-7.775
4131	-7.705
4132	-7.952
4133	-8.516
4134	-8.758
4135	-8.569
4136	-8.259
4137	-7.862
4138	-7.06
4139	-6.905
4140	-7.125
4141	-7.735
4142	-8.166
4143	-8.349
4144	-8.87
4145	-9.109
4146	-8.68
4147	-7.582
4148	-5.878
4149	-4.156
4150	-2.874
4151	-2.529
4152	-2.793
4153	-3.441
4154	-4.114
4155	-4.823
4156	-5.63
4157	-5.63
4158	-4.843
4159	-4.49
4160	-4.299
4161	-4.557
4162	-4.98
4163	-5.028
4164	-4.442
4165	-4.816
4166	-6.313
4167	-7.836
4168	-9.479
4169	-10.478
4170	-10.729
4171	-10.274
4172	-9.323
4173	-8.412
4174	-7.786
4175	-7.474
4176	-7.378
4177	-6.938
4178	-6.349
4179	-6.186
4180	-6.243
4181	-6.138
4182	-6.134
4183	-6.114
4184	-6.026
4185	-6.179
4186	-6.21
4187	-6.07
4188	-6.104
4189	-6.283
4190	-6.388
4191	-6.798
4192	-7.016
4193	-6.94
4194	-6.953
4195	-6.709
4196	-6.304
4197	-5.97
4198	-5.638
4199	-5.296
4200	-4.971
4201	-4.57
4202	-4.055
4203	-3.65
4204	-4.027
4205	-4.64
4206	-4.967
4207	-4.742
4208	-4.393
4209	-4.252
4210	-4.378
4211	-4.355
4212	-4.125
4213	-3.69
4214	-3.127
4215	-2.826
4216	-3.368
4217	-4.134
4218	-4.8
4219	-5.204
4220	-5.244
4221	-5.067
4222	-5.376
4223	-5.825
4224	-6.284
4225	-6.404
4226	-6.888
4227	-7.688
4228	-7.854
4229	-8.244
4230	-8.248
4231	-6.609
4232	-4.55
4233	-2.752
4234	-1.519
4235	-0.46
4236	0.279
4237	0.837
4238	0.905
4239	0.545
4240	0.026
4241	-0.986
4242	-2.42
4243	-3.022
4244	-3.085
4245	-2.882
4246	-2.898
4247	-2.924
4248	-3.022
4249	-3.022
4250	-3.253
4251	-3.753
4252	-4.204
4253	-4.538
4254	-4.915
4255	-4.985
4256	-4.553
4257	-4.097
4258	-3.74
4259	-2.869
4260	-1.786
4261	-1.109
4262	-1.169
4263	-1.799
4264	-2.431
4265	-2.746
4266	-2.719
4267	-2.55
4268	-1.792
4269	-1.304
4270	-1.042
4271	-0.506
4272	-0.48
4273	-1.077
4274	-1.447
4275	-1.234
4276	-1.012
4277	-0.519
4278	-0.577
4279	-0.661
4280	-0.222
4281	-0.298
4282	-0.209
4283	-0.026
4284	0.153
4285	0.366
4286	0.565
4287	0.996
4288	1.531
4289	1.821
4290	2.161
4291	2.087
4292	2.281
4293	2.442
4294	2.834
4295	3.177
4296	3.209
4297	2.603
4298	1.661
4299	0.868
4300	0.35
4301	0.479
4302	0.729
4303	0.794
4304	0.475
4305	0.423
4306	0.521
4307	0.228
4308	-0.371
4309	-1.43
4310	-2.56
4311	-3.297
4312	-3.467
4313	-3.01
4314	-2.773
4315	-2.936
4316	-3.166
4317	-2.446
4318	-1.546
4319	-0.506
4320	0.458
4321	0.881
4322	1.195
4323	1.583
4324	1.622
4325	1.919
4326	2.309
4327	2.499
4328	2.431
4329	2.42
4330	2.449
4331	2.49
4332	2.326
4333	2.05
4334	1.646
4335	1.269
4336	0.831
4337	-0.052
4338	-1.252
4339	-2.365
4340	-3.201
4341	-4.176
4342	-4.895
4343	-5.167
4344	-5.041
4345	-5.211
4346	-5.259
4347	-4.96
4348	-4.847
4349	-4.554
4350	-3.965
4351	-2.858
4352	-1.391
4353	-0.126
4354	0.313
4355	0.14
4356	-0.148
4357	-0.323
4358	-0.471
4359	-0.818
4360	-1.047
4361	-0.933
4362	-1.097
4363	-1.097
4364	-0.776
4365	-0.807
4366	-0.544
4367	-0.504
4368	-1.439
4369	-2.708
4370	-3.69
4371	-4.278
4372	-4.11
4373	-4.116
4374	-4.555
4375	-5.087
4376	-4.985
4377	-4.437
4378	-3.804
4379	-3.142
4380	-2.671
4381	-2.409
4382	-2.638
4383	-2.926
4384	-3.266
4385	-3.844
4386	-4.524
4387	-4.865
4388	-4.672
4389	-4.792
4390	-5.01
4391	-4.947
4392	-4.792
4393	-4.335
4394	-3.902
4395	-4.195
4396	-4.638
4397	-5.1
4398	-5.787
4399	-6.349
4400	-6.347
4401	-6.018
4402	-5.721
4403	-5.512
4404	-5.509
4405	-5.854
4406	-6
4407	-6.188
4408	-6.524
4409	-7.169
4410	-7.941
4411	-8.66
4412	-8.66
4413	-7.328
4414	-5.109
4415	-2.571
4416	-0.387
4417	1.339
4418	2.597
4419	3.271
4420	3.702
4421	3.619
4422	2.97
4423	1.991
4424	1.097
4425	0.668
4426	0.667
4427	1.064
4428	1.57
4429	1.644
4430	1.278
4431	0.113
4432	-1.459
4433	-3.423
4434	-5.198
4435	-6.746
4436	-7.644
4437	-7.498
4438	-6.703
4439	-5.782
4440	-5.063
4441	-4.858
4442	-4.019
4443	-2.673
4444	-0.969
4445	0.017
4446	0.819
4447	1.449
4448	1.278
4449	0.829
4450	0.24
4451	-0.667
4452	-1.474
4453	-2.161
4454	-3.117
4455	-3.877
4456	-4.367
4457	-4.655
4458	-4.993
4459	-5.259
4460	-5.237
4461	-4.804
4462	-4.579
4463	-4.432
4464	-4.324
4465	-4.923
4466	-5.752
4467	-5.983
4468	-5.933
4469	-5.037
4470	-3.829
4471	-2.39
4472	-0.962
4473	0.628
4474	1.509
4475	2.093
4476	2.874
4477	3.419
4478	3.015
4479	1.1
4480	-0.593
4481	-1.653
4482	-1.988
4483	-2.261
4484	-2.478
4485	-2.846
4486	-3.188
4487	-3.588
4488	-3.803
4489	-3.979
4490	-4.055
4491	-4.317
4492	-4.705
4493	-4.614
4494	-4.273
4495	-4.073
4496	-3.912
4497	-3.731
4498	-3.955
4499	-4.269
4500	-4.352
4501	-4.544
4502	-4.957
4503	-5.752
4504	-6.262
4505	-6.554
4506	-6.696
4507	-6.511
4508	-6.515
4509	-6.569
4510	-6.409
4511	-6.083
4512	-6.061
4513	-6.236
4514	-6.332
4515	-6.409
4516	-6.466
4517	-6.214
4518	-6.144
4519	-6.274
4520	-6.637
4521	-7.256
4522	-7.734
4523	-7.612
4524	-7.664
4525	-7.564
4526	-7.507
4527	-7.617
4528	-7.893
4529	-7.874
4530	-7.572
4531	-7.056
4532	-6.649
4533	-6.65
4534	-6.406
4535	-5.695
4536	-5.298
4537	-5.518
4538	-5.957
4539	-6.439
4540	-6.615
4541	-6.295
4542	-6.055
4543	-5.878
4544	-5.952
4545	-6.236
4546	-6.358
4547	-6.678
4548	-6.932
4549	-7.456
4550	-8.006
4551	-8.536
4552	-8.915
4553	-9.142
4554	-8.937
4555	-8.774
4556	-8.837
4557	-9.063
4558	-8.647
4559	-7.347
4560	-5.83
4561	-4.487
4562	-3.872
4563	-3.582
4564	-3.171
4565	-2.935
4566	-3.092
4567	-3.824
4568	-5.039
4569	-5.926
4570	-6.392
4571	-6.327
4572	-6.21
4573	-5.89
4574	-5.021
4575	-3.829
4576	-2.913
4577	-2.242
4578	-2.555
4579	-3.384
4580	-3.999
4581	-4.465
4582	-4.959
4583	-5.481
4584	-6.325
4585	-6.746
4586	-6.901
4587	-7.583
4588	-7.998
4589	-8.018
4590	-7.845
4591	-7.702
4592	-7.753
4593	-7.581
4594	-6.954
4595	-5.693
4596	-4.226
4597	-2.797
4598	-1.775
4599	-1.042
4600	-0.942
4601	-1.306
4602	-1.849
4603	-2.379
4604	-3.257
4605	-3.92
4606	-4.223
4607	-4.478
4608	-4.511
4609	-4.425
4610	-4.378
4611	-4.095
4612	-3.933
4613	-3.964
4614	-4.361
4615	-5.019
4616	-5.324
4617	-5.276
4618	-5.058
4619	-4.888
4620	-4.263
4621	-3.539
4622	-2.786
4623	-2.309
4624	-1.886
4625	-1.988
4626	-2.244
4627	-2.468
4628	-3.057
4629	-3.92
4630	-4.75
4631	-5.285
4632	-5.959
4633	-6.473
4634	-6.797
4635	-6.488
4636	-6.031
4637	-6.009
4638	-6.275
4639	-6.519
4640	-6.17
4641	-5.187
4642	-4.695
4643	-4.246
4644	-3.724
4645	-3.066
4646	-2.586
4647	-2.192
4648	-1.461
4649	-0.769
4650	-0.558
4651	-0.534
4652	-0.379
4653	-0.576
4654	-1.206
4655	-1.551
4656	-2.069
4657	-2.769
4658	-3.341
4659	-4.23
4660	-4.967
4661	-5.586
4662	-6.04
4663	-5.9
4664	-5.869
4665	-5.544
4666	-5.512
4667	-5.944
4668	-7.056
4669	-7.908
4670	-8.499
4671	-8.649
4672	-8.558
4673	-8.603
4674	-8.713
4675	-9.048
4676	-9.384
4677	-9.251
4678	-8.564
4679	-7.365
4680	-6.091
4681	-4.603
4682	-3.309
4683	-2.44
4684	-1.871
4685	-1.672
4686	-1.653
4687	-1.456
4688	-1.527
4689	-1.762
4690	-2.028
4691	-2.576
4692	-3.24
4693	-3.912
4694	-4.365
4695	-4.641
4696	-4.919
4697	-5.675
4698	-6.478
4699	-7.023
4700	-7.285
4701	-6.768
4702	-6.226
4703	-5.909
4704	-5.682
4705	-5.464
4706	-5.057
4707	-4.928
4708	-5.126
4709	-5.957
4710	-7.117
4711	-7.892
4712	-8.48
4713	-8.644
4714	-8.407
4715	-8.507
4716	-8.46
4717	-7.832
4718	-7.779
4719	-8.219
4720	-8.423
4721	-7.898
4722	-7.223
4723	-6.928
4724	-7.062
4725	-7.049
4726	-7.027
4727	-7.287
4728	-7.962
4729	-9.016
4730	-10.387
4731	-11.512
4732	-12.185
4733	-12.399
4734	-12.377
4735	-12.27
4736	-12.263
4737	-11.759
4738	-10.806
4739	-9.982
4740	-9.537
4741	-10.064
4742	-10.586
4743	-10.413
4744	-10.06
4745	-9.846
4746	-10.215
4747	-11.198
4748	-12.192
4749	-12.755
4750	-12.275
4751	-11.403
4752	-10.184
4753	-8.861
4754	-8.158
4755	-8.394
4756	-9.003
4757	-9.619
4758	-10.025
4759	-10.553
4760	-11.209
4761	-11.642
4762	-11.305
4763	-10.792
4764	-10.191
4765	-9.112
4766	-8.052
4767	-7.025
4768	-6.033
4769	-5.415
4770	-4.868
4771	-4.489
4772	-3.932
4773	-3.563
4774	-3.489
4775	-3.341
4776	-3.024
4777	-2.891
4778	-2.599
4779	-2.051
4780	-1.683
4781	-0.994
4782	-0.174
4783	0.41
4784	1.057
4785	1.464
4786	1.175
4787	1.358
4788	1.319
4789	0.975
4790	0.366
4791	-0.204
4792	-0.938
4793	-1.369
4794	-1.886
4795	-2.363
4796	-2.852
4797	-3.284
4798	-3.249
4799	-3.249
4800	-3.109
4801	-3.46
4802	-4.143
4803	-4.603
4804	-5.167
4805	-5.714
4806	-6.205
4807	-6.268
4808	-6.356
4809	-6.201
4810	-5.407
4811	-4.11
4812	-2.804
4813	-1.999
4814	-0.802
4815	0.292
4816	0.946
4817	1.417
4818	1.696
4819	2.316
4820	2.656
4821	2.865
4822	2.603
4823	2.673
4824	3.454
4825	4.376
4826	5.368
4827	6.347
4828	7.676
4829	8.979
4830	10.344
4831	11.26
4832	11.606
4833	11.517
4834	11.394
4835	11.848
4836	12.476
4837	12.341
4838	11.669
4839	10.719
4840	9.576
4841	8.538
4842	8.128
4843	7.771
4844	6.977
4845	5.835
4846	4.839
4847	4.341
4848	4.23
4849	3.877
4850	3.611
4851	3.619
4852	4.308
4853	4.936
4854	5.957
4855	7.367
4856	8.477
4857	9.367
4858	10.405
4859	11.124
4860	11.388
4861	11.272
4862	10.963
4863	10.628
4864	10.422
4865	10.239
4866	9.942
4867	9.764
4868	10.073
4869	10.64
4870	11.163
4871	11.12
4872	10.57
4873	10.099
4874	9.659
4875	9.075
4876	8.392
4877	7.849
4878	7.572
4879	7.888
4880	8.8
4881	9.842
4882	11.205
4883	12.559
4884	13.822
4885	14.482
4886	14.861
4887	14.909
4888	14.639
4889	14.338
4890	13.81
4891	12.921
4892	11.968
4893	11.085
4894	10.235
4895	9.214
4896	8.534
4897	8.25
4898	7.753
4899	7.077
4900	6.367
4901	5.621
4902	5.534
4903	5.817
4904	6.779
4905	7.779
4906	7.906
4907	7.646
4908	7.862
4909	7.931
4910	7.932
4911	7.788
4912	7.433
4913	7.313
4914	7.221
4915	7.06
4916	6.894
4917	6.881
4918	7.276
4919	7.254
4920	7.269
4921	7.638
4922	8.209
4923	8.503
4924	8.231
4925	7.91
4926	8.244
4927	9.171
4928	9.873
4929	10.315
4930	10.666
4931	10.806
4932	11.054
4933	11.501
4934	11.94
4935	12.066
4936	12.214
4937	12.45
4938	12.493
4939	12.916
4940	13.745
4941	14.24
4942	14.268
4943	13.993
4944	13.714
4945	13.378
4946	12.559
4947	11.547
4948	10.644
4949	10.226
4950	10.496
4951	11.063
4952	11.799
4953	12.14
4954	11.966
4955	11.608
4956	11.163
4957	10.868
4958	10.74
4959	10.758
4960	11.031
4961	11.128
4962	11.179
4963	11.146
4964	11.233
4965	11.897
4966	13.095
4967	14.037
4968	14.674
4969	14.931
4970	14.839
4971	15.062
4972	15.443
4973	16.191
4974	16.662
4975	16.972
4976	16.398
4977	15.424
4978	14.849
4979	14.589
4980	13.959
4981	13.274
4982	12.847
4983	12.499
4984	12.105
4985	11.883
4986	12.302
4987	13.088
4988	13.962
4989	14.464
4990	13.977
4991	13.264
4992	12.896
4993	12.489
4994	12.214
4995	11.674
4996	11.166
4997	10.873
4998	10.937
4999	11.195
5000	11.634
5001	11.957
5002	12.332
5003	12.668
5004	12.679
5005	12.107
5006	11.665
5007	11.729
5008	11.994
5009	11.342
5010	10.871
5011	10.828
5012	10.668
5013	10.613
5014	10.35
5015	10.3
5016	10.514
5017	10.732
5018	10.963
5019	11.072
5020	10.95
5021	11.031
5022	11.486
5023	12.036
5024	12.367
5025	12.315
5026	11.997
5027	11.729
5028	11.287
5029	9.729
5030	8.233
5031	7.52
5032	7.378
5033	7.241
5034	7.182
5035	7.705
5036	8.359
5037	8.647
5038	8.7
5039	8.881
5040	9.602
5041	10.583
5042	11.207
5043	11.456
5044	11.598
5045	11.796
5046	11.27
5047	9.942
5048	9.114
5049	8.717
5050	8.708
5051	8.956
5052	9.301
5053	9.517
5054	9.637
5055	9.428
5056	9.323
5057	9.447
5058	9.286
5059	9.007
5060	8.734
5061	8.292
5062	7.609
5063	7.226
5064	7.348
5065	7.169
5066	6.42
5067	6.011
5068	5.603
5069	5.26
5070	5.037
5071	5.015
5072	5.202
5073	5.728
5074	6.195
5075	6.506
5076	6.65
5077	7.025
5078	7.409
5079	7.67
5080	7.873
5081	8.229
5082	8.35
5083	8.407
5084	8.636
5085	8.865
5086	8.935
5087	8.661
5088	8.717
5089	9.07
5090	9.646
5091	10.117
5092	10.261
5093	9.803
5094	9.088
5095	8.56
5096	8.468
5097	8.451
5098	8.364
5099	8.39
5100	8.726
5101	9.032
5102	9.275
5103	9.357
5104	9.051
5105	8.534
5106	7.814
5107	7.435
5108	7.52
5109	7.558
5110	7.237
5111	7.009
5112	6.615
5113	6.04
5114	5.372
5115	4.853
5116	4.526
5117	4.553
5118	4.561
5119	4.243
5120	3.915
5121	4.204
5122	4.727
5123	4.666
5124	4.138
5125	3.65
5126	3.43
5127	3.035
5128	2.643
5129	2.067
5130	1.986
5131	2.111
5132	2.372
5133	2.721
5134	2.658
5135	2.285
5136	2.106
5137	2.287
5138	2.479
5139	2.372
5140	2.542
5141	2.865
5142	3.212
5143	3.508
5144	3.716
5145	3.495
5146	3.157
5147	3.173
5148	3.519
5149	4.186
5150	4.805
5151	5.198
5152	5.645
5153	6.524
5154	6.947
5155	7.088
5156	6.79
5157	6.633
5158	6.739
5159	6.881
5160	7.029
5161	7.361
5162	7.738
5163	8.043
5164	8.839
5165	9.519
5166	9.519
5167	8.857
5168	7.928
5169	7.156
5170	6.473
5171	6.144
5172	6.067
5173	6.21
5174	6.875
5175	7.631
5176	8.172
5177	8.695
5178	9.496
5179	9.925
5180	10.051
5181	9.607
5182	8.813
5183	8.264
5184	7.822
5185	7.169
5186	6.737
5187	6.794
5188	7.062
5189	7.631
5190	8.277
5191	8.697
5192	8.979
5193	8.796
5194	8.453
5195	8.182
5196	7.93
5197	7.666
5198	7.169
5199	6.942
5200	6.859
5201	6.476
5202	5.83
5203	5.122
5204	4.742
5205	4.43
5206	4.311
5207	4.245
5208	4.424
5209	4.688
5210	5.369
5211	5.868
5212	5.849
5213	5.351
5214	4.692
5215	3.903
5216	3.467
5217	2.97
5218	2.658
5219	2.643
5220	2.609
5221	2.433
5222	2.311
5223	2.172
5224	1.98
5225	2.228
5226	2.76
5227	3.518
5228	4.094
5229	4.125
5230	3.676
5231	3.724
5232	3.903
5233	3.811
5234	4.253
5235	4.64
5236	5.198
5237	5.337
5238	5.05
5239	4.679
5240	4.073
5241	3.389
5242	2.721
5243	2.284
5244	2.115
5245	2.2
5246	2.324
5247	2.699
5248	3.34
5249	4.095
5250	4.744
5251	5.438
5252	5.915
5253	5.778
5254	5.093
5255	4.446
5256	3.624
5257	2.647
5258	1.903
5259	1.369
5260	0.608
5261	-0.225
5262	-1.138
5263	-1.866
5264	-2.586
5265	-3.17
5266	-3.765
5267	-4.522
5268	-4.96
5269	-4.983
5270	-4.518
5271	-3.988
5272	-3.676
5273	-3.279
5274	-3.146
5275	-3.062
5276	-2.856
5277	-2.913
5278	-2.872
5279	-2.499
5280	-2.01
5281	-1.688
5282	-1.241
5283	-0.348
5284	0.299
5285	0.353
5286	0.177
5287	0.249
5288	0.837
5289	1.821
5290	2.612
5291	2.922
5292	3.349
5293	3.637
5294	3.735
5295	3.94
5296	4.276
5297	4.654
5298	4.936
5299	4.596
5300	3.796
5301	2.659
5302	1.06
5303	-0.22
5304	-0.85
5305	-0.833
5306	-0.75
5307	-0.349
5308	0.122
5309	0.566
5310	0.645
5311	0.048
5312	-0.621
5313	-1.334
5314	-2.311
5315	-2.909
5316	-3.202
5317	-2.93
5318	-2.265
5319	-1.498
5320	-0.551
5321	0.235
5322	1.162
5323	2.464
5324	3.885
5325	4.282
5326	4.277
5327	4.448
5328	4.629
5329	4.278
5330	3.491
5331	3.066
5332	3.135
5333	3.301
5334	3.874
5335	4.555
5336	5.255
5337	5.589
5338	5.556
5339	6.036
5340	6.599
5341	6.541
5342	6.34
5343	6.415
5344	6.681
5345	6.484
5346	5.887
5347	5.529
5348	4.864
5349	4.191
5350	3.672
5351	3.105
5352	2.73
5353	2.539
5354	2.638
5355	2.782
5356	2.542
5357	2.167
5358	2.063
5359	2.459
5360	2.623
5361	2.334
5362	2.477
5363	2.555
5364	2.425
5365	2.456
5366	2.189
5367	2.034
5368	2.13
5369	2.32
5370	2.913
5371	3.096
5372	2.904
5373	2.695
5374	2.42
5375	2.398
5376	2.531
5377	2.549
5378	2.588
5379	2.392
5380	2.176
5381	2.401
5382	2.721
5383	2.721
5384	3.209
5385	3.929
5386	4.557
5387	4.609
5388	4.473
5389	4.692
5390	5.287
5391	5.728
5392	5.95
5393	5.429
5394	4.116
5395	2.348
5396	1.535
5397	1.428
5398	1.183
5399	0.874
5400	0.767
5401	0.99
5402	1.19
5403	1.31
5404	1.212
5405	0.86
5406	0.885
5407	1.099
5408	1.051
5409	0.497
5410	-0.161
5411	-0.862
5412	-1.217
5413	-1.339
5414	-0.748
5415	0.301
5416	1.403
5417	2.512
5418	3.253
5419	3.65
5420	3.728
5421	3.689
5422	3.752
5423	3.877
5424	4.151
5425	4.223
5426	4.166
5427	3.846
5428	3.305
5429	2.595
5430	1.995
5431	1.378
5432	0.518
5433	-0.074
5434	-0.528
5435	-1.097
5436	-1.909
5437	-2.289
5438	-2.571
5439	-3.238
5440	-3.711
5441	-4.278
5442	-4.84
5443	-4.973
5444	-4.853
5445	-4.464
5446	-4.142
5447	-3.9
5448	-3.489
5449	-3.244
5450	-2.985
5451	-2.899
5452	-2.745
5453	-2.494
5454	-2.121
5455	-1.947
5456	-1.755
5457	-1.183
5458	-0.371
5459	0.599
5460	1.716
5461	2.421
5462	3.205
5463	3.755
5464	4.014
5465	3.955
5466	3.419
5467	2.601
5468	1.675
5469	1.051
5470	1.05
5471	1.317
5472	1.33
5473	1.374
5474	1.137
5475	1.265
5476	1.514
5477	2.017
5478	1.921
5479	1.456
5480	1.057
5481	0.981
5482	0.984
5483	0.787
5484	0.619
5485	-0.19
5486	-1.249
5487	-1.884
5488	-2.285
5489	-2.381
5490	-2.119
5491	-1.751
5492	-1.326
5493	-0.754
5494	-0.105
5495	0.362
5496	0.962
5497	1.238
5498	1.209
5499	0.791
5500	0.397
5501	0.216
5502	-0.033
5503	-0.532
5504	-1.109
5505	-1.588
5506	-2.322
5507	-2.336
5508	-1.777
5509	-1.361
5510	-1.072
5511	-0.742
5512	-0.081
5513	0.344
5514	0.34
5515	0.297
5516	0.12
5517	-0.279
5518	-0.277
5519	-0.328
5520	-0.652
5521	-1.081
5522	-1.294
5523	-1.507
5524	-2.092
5525	-2.405
5526	-2.542
5527	-2.681
5528	-2.812
5529	-2.664
5530	-2.592
5531	-2.331
5532	-2.093
5533	-1.983
5534	-2.302
5535	-2.531
5536	-2.821
5537	-3.094
5538	-3.493
5539	-3.619
5540	-3.659
5541	-4.001
5542	-4.446
5543	-4.675
5544	-4.638
5545	-4.269
5546	-3.94
5547	-4.025
5548	-4.284
5549	-4.378
5550	-4.271
5551	-3.846
5552	-3.291
5553	-2.677
5554	-1.742
5555	-1.151
5556	-1.053
5557	-0.969
5558	-1.003
5559	-0.981
5560	-1.15
5561	-1.483
5562	-1.917
5563	-2.568
5564	-3.223
5565	-3.741
5566	-3.941
5567	-4.055
5568	-4.272
5569	-4.182
5570	-3.353
5571	-1.91
5572	-0.475
5573	0.955
5574	2.163
5575	3.07
5576	3.65
5577	3.794
5578	3.493
5579	3.115
5580	2.717
5581	1.967
5582	0.689
5583	-0.593
5584	-1.583
5585	-2.204
5586	-2.603
5587	-2.673
5588	-2.25
5589	-1.343
5590	-0.467
5591	0.36
5592	0.41
5593	0.074
5594	-0.183
5595	-0.501
5596	-0.654
5597	-0.658
5598	-0.303
5599	-0.362
5600	-0.909
5601	-1.862
5602	-3.105
5603	-3.748
5604	-3.768
5605	-3.561
5606	-3.397
5607	-3.176
5608	-2.565
5609	-1.531
5610	-0.774
5611	-0.335
5612	-0.419
5613	-0.312
5614	-0.051
5615	0.507
5616	0.915
5617	0.815
5618	0.323
5619	-0.303
5620	-1.134
5621	-1.736
5622	-1.842
5623	-1.731
5624	-1.613
5625	-1.74
5626	-1.917
5627	-1.903
5628	-1.605
5629	-0.863
5630	0.02
5631	0.558
5632	1.101
5633	1.474
5634	1.143
5635	0.566
5636	-0.24
5637	-0.953
5638	-1.164
5639	-1.404
5640	-1.893
5641	-2.458
5642	-2.594
5643	-2.64
5644	-2.904
5645	-3.31
5646	-3.401
5647	-3.182
5648	-2.752
5649	-2.288
5650	-1.688
5651	-1.334
5652	-1.007
5653	-0.882
5654	-1.48
5655	-1.878
5656	-1.932
5657	-2.065
5658	-2.217
5659	-2.106
5660	-1.908
5661	-1.569
5662	-1.35
5663	-1.374
5664	-1.655
5665	-1.967
5666	-2.101
5667	-1.936
5668	-1.668
5669	-1.201
5670	-0.531
5671	-0.488
5672	-0.399
5673	-0.009
5674	0.496
5675	0.81
5676	0.965
5677	1.389
5678	2.023
5679	2.761
5680	2.669
5681	2.117
5682	1.753
5683	1.43
5684	1.016
5685	0.658
5686	0.629
5687	0.497
5688	0.829
5689	1.746
5690	2.479
5691	1.919
5692	1.005
5693	0.636
5694	0.68
5695	0.689
5696	0.755
5697	0.627
5698	0.257
5699	-0.314
5700	-0.718
5701	-0.528
5702	-0.194
5703	-0.292
5704	-0.798
5705	-0.996
5706	-1.073
5707	-1.334
5708	-1.592
5709	-1.653
5710	-1.385
5711	-1.007
5712	-1.12
5713	-1.464
5714	-1.722
5715	-1.635
5716	-1.404
5717	-1.351
5718	-1.166
5719	-0.977
5720	-0.87
5721	-0.965
5722	-1.256
5723	-1.494
5724	-1.749
5725	-1.919
5726	-2.017
5727	-2.018
5728	-1.862
5729	-1.812
5730	-1.785
5731	-1.862
5732	-1.938
5733	-1.873
5734	-1.718
5735	-1.77
5736	-1.753
5737	-1.317
5738	-0.738
5739	-0.216
5740	0.008
5741	-0.007
5742	-0.05
5743	0.183
5744	0.472
5745	0.288
5746	-0.423
5747	-1.317
5748	-1.962
5749	-2.496
5750	-2.64
5751	-2.538
5752	-2.355
5753	-1.696
5754	-1.256
5755	-1.374
5756	-1.742
5757	-2.145
5758	-2.829
5759	-3.502
5760	-3.622
5761	-3.628
5762	-3.798
5763	-4.28
5764	-4.875
5765	-5.025
5766	-4.984
5767	-5.355
5768	-5.743
5769	-5.784
5770	-5.067
5771	-3.97
5772	-3.414
5773	-3.013
5774	-2.257
5775	-1.121
5776	-0.257
5777	0.999
5778	2.316
5779	2.853
5780	2.374
5781	1.594
5782	1.204
5783	0.685
5784	-0.342
5785	-1.395
5786	-1.899
5787	-1.781
5788	-1.483
5789	-1.352
5790	-1.114
5791	-0.715
5792	-0.46
5793	-0.153
5794	0.319
5795	0.807
5796	0.774
5797	0.58
5798	0.305
5799	0.231
5800	0.486
5801	0.322
5802	-0.244
5803	-0.771
5804	-0.948
5805	-0.539
5806	-0.031
5807	0.144
5808	-0.061
5809	-0.391
5810	-0.737
5811	-1.176
5812	-1.334
5813	-1.502
5814	-1.988
5815	-2.397
5816	-2.692
5817	-2.564
5818	-2.576
5819	-2.808
5820	-2.959
5821	-3.192
5822	-3.535
5823	-4.193
5824	-4.651
5825	-4.495
5826	-4.21
5827	-4.204
5828	-4.476
5829	-4.634
5830	-4.535
5831	-4.299
5832	-4.116
5833	-4.107
5834	-4.076
5835	-3.753
5836	-2.793
5837	-1.827
5838	-1.48
5839	-1.267
5840	-0.854
5841	-0.51
5842	-0.436
5843	-0.497
5844	-0.206
5845	0.364
5846	1.212
5847	1.914
5848	2.647
5849	3.382
5850	3.89
5851	4.045
5852	4.212
5853	4.095
5854	3.951
5855	3.842
5856	3.537
5857	2.948
5858	2.452
5859	2.274
5860	2.137
5861	1.919
5862	1.814
5863	1.81
5864	1.945
5865	2.83
5866	4.435
5867	5.63
5868	6.177
5869	6.502
5870	6.602
5871	6.593
5872	6.415
5873	6.07
5874	5.479
5875	4.291
5876	3.157
5877	2.256
5878	1.347
5879	1.156
5880	1.295
5881	1.91
5882	2.45
5883	2.694
5884	3.504
5885	4.353
5886	5.194
5887	6.018
5888	6.628
5889	6.733
5890	6.552
5891	6.537
5892	6.646
5893	6.995
5894	7.213
5895	6.818
5896	6.183
5897	6.061
5898	5.769
5899	5.651
5900	5.237
5901	4.897
5902	4.775
5903	4.949
5904	5.002
5905	4.579
5906	4.212
5907	3.882
5908	3.253
5909	2.77
5910	2.893
5911	3.441
5912	3.933
5913	4.038
5914	3.576
5915	3.057
5916	2.542
5917	2.514
5918	2.721
5919	2.717
5920	1.898
5921	0.696
5922	-0.85
5923	-2.457
5924	-3.635
5925	-4.71
5926	-5.457
5927	-6.109
5928	-6.794
5929	-6.886
5930	-6.572
5931	-6.455
5932	-6.074
5933	-5.176
5934	-4.568
5935	-4.363
5936	-4.137
5937	-3.94
5938	-3.441
5939	-2.909
5940	-2.32
5941	-1.778
5942	-1.321
5943	-0.957
5944	-0.344
5945	-0.192
5946	-0.606
5947	-0.585
5948	-0.168
5949	0.366
5950	0.781
5951	0.863
5952	1.143
5953	1.728
5954	2.536
5955	2.997
5956	2.826
5957	2.7
5958	2.928
5959	2.818
5960	3.318
5961	4.108
5962	4.718
5963	4.805
5964	4.642
5965	4.483
5966	4.727
5967	4.712
5968	4.387
5969	4.087
5970	4.021
5971	4.391
5972	5.141
5973	5.647
5974	5.782
5975	5.427
5976	4.888
5977	4.352
5978	4.007
5979	3.743
5980	3.946
5981	4.625
5982	5.054
5983	5.268
5984	5.473
5985	5.97
5986	6.314
5987	6.327
5988	6.108
5989	5.447
5990	5.282
5991	5.527
5992	5.848
5993	5.669
5994	5.272
5995	5.054
5996	5.305
5997	5.617
5998	5.992
5999	6.109
6000	6.002
6001	5.747
6002	5.687
6003	5.965
6004	6.367
6005	6.862
6006	7.522
6007	8.041
6008	8.796
6009	9.319
6010	9.942
6011	10.16
6012	9.816
6013	9.79
6014	9.912
6015	10.357
6016	11.063
6017	11.517
6018	11.296
6019	11.451
6020	11.384
6021	11.207
6022	10.666
6023	9.935
6024	9.559
6025	9.724
6026	10.047
6027	10.099
6028	9.855
6029	9.82
6030	10.189
6031	10.562
6032	10.542
6033	10.47
6034	10.274
6035	10.178
6036	10.686
6037	11.451
6038	12.219
6039	13.226
6040	14.337
6041	14.918
6042	14.957
6043	14.661
6044	13.976
6045	13.213
6046	12.61
6047	12.271
6048	11.798
6049	11.1
6050	10.418
6051	10.416
6052	10.948
6053	11.608
6054	12.302
6055	12.999
6056	13.937
6057	15.071
6058	16.353
6059	17.155
6060	17.521
6061	17.598
6062	17.195
6063	16.701
6064	15.969
6065	14.778
6066	13.318
6067	12.254
6068	11.97
6069	11.981
6070	11.979
6071	12.228
6072	12.629
6073	12.816
6074	13.115
6075	13.082
6076	12.873
6077	12.428
6078	11.412
6079	10.049
6080	8.721
6081	7.57
6082	6.868
6083	6.319
6084	5.63
6085	5.063
6086	4.875
6087	5.272
6088	5.771
6089	6.48
6090	7.256
6091	7.309
6092	7.038
6093	6.763
6094	6.698
6095	6.781
6096	6.585
6097	6.308
6098	6.192
6099	5.958
6100	5.539
6101	4.892
6102	3.872
6103	2.416
6104	0.66
6105	-1.109
6106	-3.037
6107	-4.579
6108	-5.799
6109	-6.358
6110	-6.99
6111	-7.614
6112	-7.793
6113	-8.065
6114	-8.115
6115	-8.044
6116	-7.915
6117	-7.605
6118	-7.217
6119	-6.951
6120	-6.545
6121	-5.883
6122	-5.05
6123	-4.442
6124	-4.142
6125	-3.818
6126	-4.077
6127	-4.573
6128	-5.405
6129	-6.654
6130	-7.74
6131	-8.211
6132	-8.381
6133	-8.181
6134	-7.998
6135	-8.787
6136	-10.259
6137	-11.65
6138	-12.294
6139	-12.607
6140	-12.841
6141	-12.635
6142	-11.905
6143	-11.172
6144	-10.29
6145	-9.176
6146	-8.059
6147	-7.09
6148	-6.384
6149	-5.653
6150	-5.048
6151	-4.847
6152	-4.72
6153	-4.984
6154	-5.733
6155	-6.284
6156	-6.711
6157	-6.844
6158	-7.293
6159	-8.1
6160	-8.867
6161	-9.171
6162	-9.009
6163	-8.877
6164	-9.075
6165	-8.878
6166	-8.171
6167	-7.225
6168	-6.275
6169	-5.215
6170	-4.403
6171	-4.232
6172	-4.938
6173	-6.205
6174	-7.418
6175	-8.119
6176	-8.149
6177	-7.737
6178	-7.338
6179	-7.37
6180	-7.823
6181	-8.137
6182	-8.163
6183	-8.015
6184	-7.461
6185	-6.502
6186	-5.356
6187	-4.304
6188	-3.64
6189	-3.498
6190	-3.694
6191	-3.999
6192	-4.21
6193	-4.509
6194	-5.268
6195	-6.567
6196	-7.98
6197	-8.848
6198	-9
6199	-8.743
6200	-8.572
6201	-8.712
6202	-9.075
6203	-9.506
6204	-9.997
6205	-10.418
6206	-10.503
6207	-10.614
6208	-10.583
6209	-10.636
6210	-10.701
6211	-10.98
6212	-11.198
6213	-11.224
6214	-10.725
6215	-10.142
6216	-9.708
6217	-9.253
6218	-9.121
6219	-9.31
6220	-9.419
6221	-9.589
6222	-9.868
6223	-9.798
6224	-9.437
6225	-8.838
6226	-8.004
6227	-7.068
6228	-6.403
6229	-5.444
6230	-4.768
6231	-4.435
6232	-4.121
6233	-4.291
6234	-4.895
6235	-5.891
6236	-6.532
6237	-7.264
6238	-7.673
6239	-7.734
6240	-7.557
6241	-6.742
6242	-6.03
6243	-5.915
6244	-5.947
6245	-6.558
6246	-7.474
6247	-7.793
6248	-7.483
6249	-6.822
6250	-5.97
6251	-4.973
6252	-3.82
6253	-2.625
6254	-1.319
6255	-0.456
6256	-0.3
6257	-0.133
6258	0.002
6259	-0.015
6260	0.008
6261	0.25
6262	0.75
6263	1.06
6264	0.931
6265	0.746
6266	0.634
6267	0.305
6268	0.022
6269	-0.423
6270	-0.746
6271	-0.887
6272	-0.846
6273	-0.658
6274	-0.388
6275	-0.022
6276	0.098
6277	-0.432
6278	-1.195
6279	-1.63
6280	-1.751
6281	-1.606
6282	-1.831
6283	-2.081
6284	-2.08
6285	-1.777
6286	-1.291
6287	-0.75
6288	-0.419
6289	-0.518
6290	-1.007
6291	-1.313
6292	-1.34
6293	-1.6
6294	-1.736
6295	-1.765
6296	-1.587
6297	-1.256
6298	-1.095
6299	-0.791
6300	-0.262
6301	0.281
6302	0.292
6303	0.052
6304	-0.314
6305	-0.723
6306	-0.994
6307	-1.426
6308	-1.718
6309	-2.35
6310	-3.085
6311	-3.733
6312	-3.957
6313	-3.694
6314	-3.109
6315	-2.155
6316	-1.182
6317	-0.366
6318	0.359
6319	1.003
6320	1.35
6321	1.454
6322	1.361
6323	1.47
6324	1.286
6325	0.898
6326	0.593
6327	0.501
6328	0.955
6329	1.116
6330	1.188
6331	1.099
6332	0.977
6333	0.458
6334	-0.089
6335	-0.336
6336	-0.157
6337	0.011
6338	0.083
6339	-0.025
6340	-0.235
6341	-0.379
6342	-0.486
6343	-0.462
6344	-0.362
6345	-0.164
6346	0.4
6347	1.068
6348	1.827
6349	2.159
6350	2.028
6351	1.564
6352	0.975
6353	0.425
6354	0.528
6355	0.898
6356	1.114
6357	0.994
6358	0.785
6359	1.238
6360	1.531
6361	1.62
6362	1.491
6363	1.197
6364	0.467
6365	0.311
6366	0.868
6367	1.28
6368	0.829
6369	0.336
6370	-0.099
6371	-0.336
6372	-0.632
6373	-0.99
6374	-1.208
6375	-1.524
6376	-1.722
6377	-2.311
6378	-3.201
6379	-3.794
6380	-4.076
6381	-3.556
6382	-2.845
6383	-2.203
6384	-1.845
6385	-1.749
6386	-1.635
6387	-1.528
6388	-1.751
6389	-1.604
6390	-1.43
6391	-1.369
6392	-1.777
6393	-2.555
6394	-3.295
6395	-3.554
6396	-3.359
6397	-3.037
6398	-2.553
6399	-2.172
6400	-1.975
6401	-1.997
6402	-1.557
6403	-1.103
6404	-0.61
6405	-0.595
6406	-0.846
6407	-1.73
6408	-2.686
6409	-3.401
6410	-3.868
6411	-3.67
6412	-3.277
6413	-2.959
6414	-2.719
6415	-2.742
6416	-2.832
6417	-2.817
6418	-2.806
6419	-2.865
6420	-3.236
6421	-3.358
6422	-3.493
6423	-3.286
6424	-2.797
6425	-2.345
6426	-2.479
6427	-2.692
6428	-3.16
6429	-3.566
6430	-3.977
6431	-4.923
6432	-5.861
6433	-6.162
6434	-5.843
6435	-4.906
6436	-4.266
6437	-4.198
6438	-4.086
6439	-3.67
6440	-3.696
6441	-4.003
6442	-4.421
6443	-4.74
6444	-4.682
6445	-4.229
6446	-3.682
6447	-3.48
6448	-3.576
6449	-3.685
6450	-3.975
6451	-4.186
6452	-4.047
6453	-3.85
6454	-3.497
6455	-3.244
6456	-3.15
6457	-2.673
6458	-2.292
6459	-2.193
6460	-2.502
6461	-3.066
6462	-3.578
6463	-4.042
6464	-4.468
6465	-5.01
6466	-5.076
6467	-4.627
6468	-3.653
6469	-2.647
6470	-2.126
6471	-1.98
6472	-2.102
6473	-2.003
6474	-1.853
6475	-1.378
6476	-0.955
6477	-0.375
6478	0.131
6479	0.477
6480	1.071
6481	1.362
6482	1.265
6483	0.994
6484	0.318
6485	-0.467
6486	-1.081
6487	-1.675
6488	-2.405
6489	-2.93
6490	-3.039
6491	-3.107
6492	-3.134
6493	-3.297
6494	-3.096
6495	-3.092
6496	-3.081
6497	-2.943
6498	-2.677
6499	-2.991
6500	-3.715
6501	-4.43
6502	-5.266
6503	-6.192
6504	-6.733
6505	-6.807
6506	-6.962
6507	-7.396
6508	-7.518
6509	-7.361
6510	-6.937
6511	-6.096
6512	-4.954
6513	-3.798
6514	-3.052
6515	-2.625
6516	-2.8
6517	-3.482
6518	-4.452
6519	-5.19
6520	-5.318
6521	-4.631
6522	-3.532
6523	-2.78
6524	-2.507
6525	-2.416
6526	-2.394
6527	-2.523
6528	-2.759
6529	-3.103
6530	-3.48
6531	-4.069
6532	-4.926
6533	-5.316
6534	-5.505
6535	-5.983
6536	-6.275
6537	-5.989
6538	-5.715
6539	-5.243
6540	-5.139
6541	-5.547
6542	-5.492
6543	-5.353
6544	-5.119
6545	-4.819
6546	-4.263
6547	-4.069
6548	-3.733
6549	-3.362
6550	-3.349
6551	-3.676
6552	-3.74
6553	-3.806
6554	-3.567
6555	-2.9
6556	-2.286
6557	-1.829
6558	-1.701
6559	-1.933
6560	-2.163
6561	-2.215
6562	-2.42
6563	-2.826
6564	-3.066
6565	-2.943
6566	-2.616
6567	-2.465
6568	-2.882
6569	-3.51
6570	-4.659
6571	-5.952
6572	-7.039
6573	-7.987
6574	-8.495
6575	-8.931
6576	-9.188
6577	-9.336
6578	-8.998
6579	-8.547
6580	-8.185
6581	-7.601
6582	-7.313
6583	-7.008
6584	-6.633
6585	-6.144
6586	-5.569
6587	-4.712
6588	-4.086
6589	-3.371
6590	-2.603
6591	-2.08
6592	-1.461
6593	-0.691
6594	-0.057
6595	0.178
6596	0.147
6597	0.062
6598	0.057
6599	-0.025
6600	-0.192
6601	-0.501
6602	-0.842
6603	-0.349
6604	0.258
6605	0.602
6606	0.606
6607	0.541
6608	0.862
6609	1.317
6610	1.829
6611	1.927
6612	1.792
6613	1.727
6614	1.561
6615	1.222
6616	0.6
6617	-0.06
6618	-0.496
6619	-0.521
6620	-0.392
6621	-0.174
6622	-0.065
6623	0.229
6624	0.685
6625	1.108
6626	1.884
6627	2.525
6628	2.943
6629	3.096
6630	2.735
6631	2.505
6632	2.494
6633	2.47
6634	2.664
6635	2.822
6636	2.76
6637	2.764
6638	2.511
6639	2.082
6640	1.801
6641	1.345
6642	0.663
6643	0.31
6644	-0.01
6645	-0.096
6646	-0.191
6647	0.17
6648	0.358
6649	0.464
6650	0.523
6651	0.506
6652	0.491
6653	0.762
6654	1.19
6655	1.618
6656	1.842
6657	1.72
6658	1.38
6659	1.204
6660	0.358
6661	-1.09
6662	-2.172
6663	-3.279
6664	-4.051
6665	-4.451
6666	-4.387
6667	-4.256
6668	-4.391
6669	-4.417
6670	-4.135
6671	-3.628
6672	-3.047
6673	-2.649
6674	-2.573
6675	-2.592
6676	-2.588
6677	-2.808
6678	-3.541
6679	-4.365
6680	-4.714
6681	-4.521
6682	-4.004
6683	-3.603
6684	-3.486
6685	-3.465
6686	-3.667
6687	-3.999
6688	-4.218
6689	-4.208
6690	-3.796
6691	-3.441
6692	-2.872
6693	-2.49
6694	-2.021
6695	-1.748
6696	-1.604
6697	-1.186
6698	-0.999
6699	-0.667
6700	-0.397
6701	-0.253
6702	0.089
6703	1.099
6704	1.914
6705	2.18
6706	2.302
6707	2.214
6708	1.895
6709	1.959
6710	2.287
6711	2.374
6712	2.195
6713	2.318
6714	2.589
6715	2.861
6716	3.357
6717	3.72
6718	3.558
6719	2.965
6720	2.403
6721	1.901
6722	1.441
6723	1.243
6724	0.999
6725	0.632
6726	0.456
6727	0.855
6728	1.496
6729	2.054
6730	2.301
6731	2.766
6732	2.848
6733	2.813
6734	3.388
6735	3.997
6736	4.413
6737	4.448
6738	4.417
6739	4.736
6740	4.919
6741	4.874
6742	4.777
6743	4.485
6744	4.221
6745	4.354
6746	4.42
6747	3.999
6748	3.515
6749	3.167
6750	2.83
6751	2.128
6752	1.562
6753	1.16
6754	0.643
6755	0.087
6756	-0.44
6757	-0.785
6758	-1.672
6759	-2.528
6760	-3.676
6761	-4.662
6762	-5.377
6763	-5.658
6764	-5.839
6765	-5.939
6766	-5.975
6767	-5.784
6768	-5.267
6769	-4.597
6770	-3.58
6771	-2.783
6772	-1.949
6773	-1.012
6774	-0.111
6775	0.783
6776	1.491
6777	2.076
6778	2.525
6779	2.597
6780	2.374
6781	1.831
6782	1.487
6783	1.317
6784	1.086
6785	0.717
6786	0.324
6787	-0.007
6788	-0.177
6789	-0.048
6790	-0.168
6791	-0.159
6792	0.129
6793	0.493
6794	0.795
6795	1.067
6796	1.071
6797	0.593
6798	-0.02
6799	-0.615
6800	-0.855
6801	-0.69
6802	-0.8
6803	-1.428
6804	-2.176
6805	-2.638
6806	-2.972
6807	-2.952
6808	-2.834
6809	-2.462
6810	-2.054
6811	-1.595
6812	-1.212
6813	-0.375
6814	0.656
6815	1.297
6816	1.409
6817	1.299
6818	1.074
6819	0.931
6820	1.19
6821	1.313
6822	1.605
6823	1.62
6824	1.89
6825	2.401
6826	2.622
6827	2.606
6828	2.411
6829	2.115
6830	1.875
6831	1.681
6832	1.89
6833	1.915
6834	1.6
6835	0.994
6836	0.264
6837	-0.996
6838	-2.213
6839	-2.61
6840	-2.145
6841	-1.535
6842	-1.023
6843	-0.774
6844	-0.879
6845	-1.308
6846	-1.85
6847	-2.487
6848	-2.86
6849	-2.895
6850	-2.76
6851	-2.643
6852	-2.3
6853	-1.925
6854	-1.764
6855	-2.036
6856	-2.433
6857	-2.365
6858	-1.934
6859	-1.5
6860	-1.679
6861	-1.971
6862	-1.932
6863	-1.781
6864	-1.736
6865	-1.835
6866	-1.835
6867	-1.461
6868	-0.953
6869	-0.522
6870	-0.155
6871	0.472
6872	1.212
6873	1.858
6874	1.997
6875	1.958
6876	1.923
6877	2.093
6878	2.571
6879	2.874
6880	3.166
6881	3.366
6882	3.146
6883	3.07
6884	2.969
6885	2.564
6886	2.099
6887	1.993
6888	2.043
6889	2.036
6890	1.647
6891	1.265
6892	1.575
6893	2.333
6894	3.138
6895	3.694
6896	4.016
6897	4.164
6898	4.683
6899	4.805
6900	4.402
6901	3.924
6902	3.177
6903	2.503
6904	2.148
6905	1.84
6906	1.958
6907	2.15
6908	2.789
6909	3.456
6910	3.842
6911	3.558
6912	3.114
6913	2.76
6914	2.124
6915	1.74
6916	1.448
6917	0.724
6918	-0.349
6919	-0.996
6920	-0.835
6921	0.318
6922	1.436
6923	2.084
6924	2.405
6925	2.516
6926	2.793
6927	3.357
6928	3.724
6929	3.65
6930	2.967
6931	1.775
6932	0.75
6933	-0.195
6934	-1.308
6935	-2.682
6936	-3.781
6937	-4.114
6938	-3.545
6939	-2.754
6940	-2.333
6941	-2.154
6942	-2.228
6943	-2.3
6944	-2.357
6945	-2.516
6946	-2.644
6947	-2.749
6948	-2.909
6949	-2.667
6950	-2.143
6951	-1.657
6952	-1.46
6953	-1.391
6954	-1.337
6955	-1.152
6956	-0.819
6957	-0.399
6958	0.218
6959	1.007
6960	1.632
6961	2.264
6962	2.659
6963	2.56
6964	2.372
6965	1.975
6966	1.502
6967	1.461
6968	1.888
6969	2.294
6970	2.292
6971	2.398
6972	2.512
6973	2.536
6974	2.813
6975	2.974
6976	3.005
6977	2.985
6978	2.525
6979	2.215
6980	2.438
6981	2.937
6982	2.975
6983	2.435
6984	2.198
6985	1.912
6986	1.963
6987	2.192
6988	2.943
6989	3.646
6990	4.178
6991	4.241
6992	3.906
6993	3.85
6994	4.082
6995	3.803
6996	3.229
6997	2.805
6998	2.691
6999	2.404
	
